131072       .0096910000 .0000000126 .0001122497 .0000648073 65397.750000 65396.164278 1.585722 0.002425        .0116436666 .0000020875 .0014448183 .0008341662 65376.000000 65396.164278 20.164278 0.030834        .0112023333 .0000000061 .0000781024 .0000450924 65396.164062 65396.164278 0.000215 0.000000        .0176840000 .0000000028 .0000529150 .0000305504 65397.000000 65396.164278 0.835722 0.001278         
262144       .0098956666 .0000000235 .0001532970 .0000885060 130921.250000 130918.591189 2.658811 0.002031        .0110336666 .0000000363 .0001905255 .0001099999 inf 130918.591189 inf inf        .0119306666 .0000004123 .0006421059 .0003707200 130918.593750 130918.591189 0.002561 0.000002        .0278176667 .0000005461 .0007389857 .0004266535 130919.250000 130918.591189 0.658811 0.000503         
393216       .0099326667 .0000000105 .0001024695 .0000591607 196368.656250 196366.747241 1.909009 0.000972        .0115840000 .0000000626 .0002501999 .0001444529 inf 196366.747241 inf inf        .0120000000 .0000000014 .0000374165 .0000216024 196366.750000 196366.747241 0.002759 0.000001        .0368980000 .0000000034 .0000583095 .0000336650 196366.843750 196366.747241 0.096509 0.000049         
524288       .0102100000 .0000000851 .0002917190 .0001684240 261824.562500 261822.168635 2.393865 0.000914        .0115560000 .0000002280 .0004774934 .0002756809 inf 261822.168635 inf inf        .0119303333 .0000000214 .0001462873 .0000844590 261822.171875 261822.168635 0.003240 0.000001        .0466600000 .0000000034 .0000583095 .0000336650 261822.171875 261822.168635 0.003240 0.000001         
655360       .0101740000 .0000000032 .0000565685 .0000326598 327104.375000 327100.356172 4.018828 0.001229        .0125963334 .0000006644 .0008151073 .0004706024 inf 327100.356172 inf inf        .0122976666 .0000002399 .0004897958 .0002827837 327100.375000 327100.356172 0.018828 0.000006        .0565246667 .0000001256 .0003544009 .0002046134 327101.187500 327100.356172 0.831328 0.000254         
786432       .0104493334 .0000000302 .0001737814 .0001003327 392681.281250 392675.819247 5.462003 0.001391        .0121240000 .0000000273 .0001652271 .0000953939 inf 392675.819247 inf inf        .0129246666 .0000000889 .0002981610 .0001721433 392675.843750 392675.819247 0.024503 0.000006        .0662186666 .0000000455 .0002133072 .0001231529 392675.812500 392675.819247 0.006747 0.000002         
917504       .0105470000 0 0 0 458235.000000 458228.046573 6.953427 0.001517        .0128436666 .0000000773 .0002780287 .0001605199 inf 458228.046573 inf inf        .0131710000 .0000009925 .0009962429 .0005751811 458228.062500 458228.046573 0.015927 0.000003        .0759116667 .0000000144 .0001200000 .0000692820 458228.062500 458228.046573 0.015927 0.000003         
1048576       .0107860000 .0000000034 .0000583095 .0000336650 523747.968750 523742.119766 5.848984 0.001117        .0129890000 .0000000165 .0001284523 .0000741619 inf 523742.119766 inf inf        .0138936667 .0000004853 .0006966347 .0004022022 523742.125000 523742.119766 0.005234 0.000001        .0855753333 .0000000025 .0000500000 .0000288675 523743.875000 523742.119766 1.755234 0.000335         
1179648       .0109570000 0 0 0 589249.500000 589241.036988 8.463012 0.001436        .0130580000 .0000000031 .0000556776 .0000321454 inf 589241.036988 inf inf        .0138943333 .0000000664 .0002576819 .0001487727 589241.062500 589241.036988 0.025512 0.000004        .0953686667 .0000000140 .0001183215 .0000683129 589241.750000 589241.036988 0.713012 0.000121         
1310720       .0112300000 .0000000034 .0000583095 .0000336650 654690.375000 654683.503444 6.871556 0.001050        .0133003334 .0000003178 .0005637375 .0003254739 inf 654683.503444 inf inf        .0193376667 .0000005527 .0007434379 .0004292240 654683.500000 654683.503444 0.003444 0.000001        .1048193333 .0000000031 .0000556776 .0000321454 654682.187500 654683.503444 1.315944 0.000201         
1441792       .0121173333 .0000008954 .0009462557 .0005463209 720325.312500 720319.053926 6.258574 0.000869        .0133043334 .0000000320 .0001788854 .0001032795 inf 720319.053926 inf inf        .0209230000 .0000003748 .0006122091 .0003534590 720319.062500 720319.053926 0.008574 0.000001        .1144500000 .0000000035 .0000591607 .0000341564 720322.062500 720319.053926 3.008574 0.000418         
1572864       .0119806666 .0000000314 .0001772004 .0001023066 785864.250000 785858.305552 5.944448 0.000756        .0136043333 .0000002007 .0004479955 .0002586503 inf 785858.305552 inf inf        .0220296667 .0000001441 .0003796050 .0002191650 785858.312500 785858.305552 0.006948 0.000001        .1242110000 0 0 0 785861.000000 785858.305552 2.694448 0.000343         
1703936       .0120150000 .0000000245 .0001565247 .0000903695 851557.875000 851551.120821 6.754179 0.000793        .0143753334 .0000000102 .0001009950 .0000583094 inf 851551.120821 inf inf        .0227273333 .0000001624 .0004029888 .0002326656 851551.125000 851551.120821 0.004179 0.000000        .1341110000 .0000001496 .0003867815 .0002233084 851553.625000 851551.120821 2.504179 0.000294         
1835008       .0124610000 .0000000253 .0001590597 .0000918331 917085.875000 917079.211901 6.663099 0.000727        .0144266666 .0000001432 .0003784177 .0002184795 inf 917079.211901 inf inf        .0241153334 .0000000355 .0001884144 .0001087811 917079.250000 917079.211901 0.038099 0.000004        .1438023334 .0000000245 .0001565247 .0000903695 917082.875000 917079.211901 3.663099 0.000399         
1966080       .0125623334 .0000000138 .0001174734 .0000678232 982786.125000 982779.043603 7.081397 0.000721        .0147316667 .0000000320 .0001788854 .0001032795 inf 982779.043603 inf inf        .0245240000 .0000000660 .0002569046 .0001483239 982779.062500 982779.043603 0.018897 0.000002        .1535316667 .0000000140 .0001183215 .0000683129 982771.562500 982779.043603 7.481103 0.000761         
2097152       .0128340000 .0000000034 .0000583095 .0000336650 1048318.000000 1048311.956171 6.043829 0.000577        .0152746666 .0000000358 .0001892088 .0001092397 inf 1048311.956171 inf inf        .0256553333 .0000004822 .0006944062 .0004009156 1048312.000000 1048311.956171 0.043829 0.000004        .1631946667 .0000000038 .0000616441 .0000355902 1048311.000000 1048311.956171 0.956171 0.000091         
2228224       .0136480000 .0000000555 .0002355843 .0001360146 1113935.250000 1113931.746554 3.503446 0.000315        .0153096666 .0000000103 .0001014889 .0000585946 inf 1113931.746554 inf inf        .0266653334 .0000000488 .0002209072 .0001275408 1113931.750000 1113931.746554 0.003446 0.000000        .1729216666 .0000000246 .0001568438 .0000905538 1113925.750000 1113931.746554 5.996554 0.000538         
2359296       .0143360000 .0000000733 .0002707397 .0001563116 1179475.000000 1179472.993274 2.006726 0.000170        .0158336667 .0000001024 .0003200000 .0001847520 inf 1179472.993274 inf inf        .0275913333 .0000001097 .0003312099 .0001912241 1179473.000000 1179472.993274 0.006726 0.000001        .1827156667 .0000000244 .0001562049 .0000901849 1179474.625000 1179472.993274 1.631726 0.000138         
2490368       .0161110000 .0000000245 .0001565247 .0000903695 1244972.375000 1244971.873129 0.501871 0.000040        .0189206666 .0000001394 .0003733630 .0002155612 inf 1244971.873129 inf inf        .0284726666 .0000000405 .0002012461 .0001161894 1244971.875000 1244971.873129 0.001871 0.000000        .1923073334 .0000000105 .0001024695 .0000591607 1244976.750000 1244971.873129 4.876871 0.000392         
2621440       .0178166667 .0000001262 .0003552463 .0002051015 1310470.500000 1310468.802988 1.697012 0.000129        .0201086666 .0000001075 .0003278719 .0001892969 inf 1310468.802988 inf inf        .0290196666 .0000000356 .0001886796 .0001089342 1310468.750000 1310468.802988 0.052988 0.000004        .2020363334 .0000000108 .0001039230 .0000599999 1310474.500000 1310468.802988 5.697012 0.000435         
2752512       .0185026666 .0000001283 .0003581898 .0002068009 1376166.625000 1376162.325486 4.299514 0.000312        .0208163334 .0000000605 .0002459674 .0001420093 inf 1376162.325486 inf inf        .0300876666 .0000000454 .0002130727 .0001230175 1376162.250000 1376162.325486 0.075486 0.000005        .2118656666 .0000000105 .0001024695 .0000591607 1376152.250000 1376162.325486 10.075486 0.000732         
2883584       .0190123334 .0000000140 .0001183215 .0000683129 1441709.000000 1441707.221946 1.778054 0.000123        .0213173333 .0000000341 .0001846618 .0001066145 inf 1441707.221946 inf inf        .0310323334 .0000000019 .0000435889 .0000251660 1441707.250000 1441707.221946 0.028054 0.000002        .2213900000 .0000000101 .0001004987 .0000580229 1441705.750000 1441707.221946 1.471946 0.000102         
3014656       .0196606667 .0000000734 .0002709243 .0001564182 1507259.500000 1507258.569266 0.930734 0.000062        .0222236667 .0000000093 .0000964365 .0000556776 inf 1507258.569266 inf inf        .0319850000 .0000002617 .0005115662 .0002953528 1507258.500000 1507258.569266 0.069266 0.000005        .2313193334 .0000000698 .0002641968 .0001525340 1507251.875000 1507258.569266 6.694266 0.000444         
3145728       .0202730000 .0000000432 .0002078460 .0001199999 1572736.750000 1572734.690346 2.059654 0.000131        .0225943333 .0000000686 .0002619160 .0001512172 inf 1572734.690346 inf inf        .0322540000 .0000000081 .0000900000 .0000519615 1572734.625000 1572734.690346 0.065346 0.000004        .2411166666 .0000000249 .0001577973 .0000911043 1572733.875000 1572734.690346 0.815346 0.000052         
3276800       .0208533334 .0000003197 .0005654201 .0003264454 1638343.625000 1638344.339870 0.714870 0.000044        .0229446667 .0000000064 .0000800000 .0000461880 inf 1638344.339870 inf inf        .0333163333 .0000000982 .0003133687 .0001809235 1638344.375000 1638344.339870 0.035130 0.000002        .2506070000 .0000000042 .0000648074 .0000374165 1638342.500000 1638344.339870 1.839870 0.000112         
3407872       .0207916667 .0000000341 .0001846618 .0001066145 1703957.625000 1703960.907754 3.282754 0.000193        .0239646667 .0000001736 .0004166533 .0002405548 inf 1703960.907754 inf inf        .0345056667 .0000000336 .0001833030 .0001058300 1703960.875000 1703960.907754 0.032754 0.000002        .2604756667 .0000000039 .0000624499 .0000360554 1703952.875000 1703960.907754 8.032754 0.000471         
3538944       .0215040000 .0000000733 .0002707397 .0001563116 1769662.000000 1769664.444268 2.444268 0.000138        .0238676667 .0000000388 .0001969771 .0001137247 inf 1769664.444268 inf inf        .0352480000 .0000000167 .0001292284 .0000746100 1769664.500000 1769664.444268 0.055732 0.000003        .2700930000 .0000000266 .0001630950 .0000941629 1769654.375000 1769664.444268 10.069268 0.000569         
3670016       .0217420000 .0000000032 .0000565685 .0000326598 1835159.000000 1835161.365238 2.365238 0.000129        .0245366667 .0000000732 .0002705549 .0001562049 inf 1835161.365238 inf inf        .0370506667 .0000027079 .0016455698 .0009500701 1835161.375000 1835161.365238 0.009762 0.000001        .2798583333 .0000001250 .0003535533 .0002041240 1835147.750000 1835161.365238 13.615238 0.000742         
3801088       .0222216666 .0000001351 .0003675595 .0002122105 1900703.500000 1900706.639219 3.139219 0.000165        .0250020000 .0000000125 .0001118033 .0000645496 inf 1900706.639219 inf inf        .0369183333 .0000000362 .0001902629 .0001098483 1900706.750000 1900706.639219 0.110781 0.000006        .2893460000 .0000000225 .0001500000 .0000866025 1900697.250000 1900706.639219 9.389219 0.000494         
3932160       .0227006667 .0000000037 .0000608276 .0000351188 1966377.000000 1966381.943982 4.943982 0.000251        .0253226667 .0000001011 .0003179622 .0001835755 inf 1966381.943982 inf inf        .0378646667 .0000001144 .0003382306 .0001952775 1966382.000000 1966381.943982 0.056018 0.000003        .2991413334 .0000000038 .0000616441 .0000355902 1966376.250000 1966381.943982 5.693982 0.000290         
4063232       .0230056667 .0000000557 .0002360084 .0001362595 2031869.000000 2031874.891176 5.891176 0.000290        .0258710000 .0000001634 .0004042276 .0002333809 inf 2031874.891176 inf inf        .0386796666 .0000000173 .0001315294 .0000759385 2031875.000000 2031874.891176 0.108824 0.000005        .3090090000 .0000000663 .0002574878 .0001486606 2031862.375000 2031874.891176 12.516176 0.000616         
4194304       .0234496666 .0000000105 .0001024695 .0000591607 2097271.750000 2097276.504717 4.754717 0.000227        .0260906666 .0000000077 .0000877496 .0000506622 inf 2097276.504717 inf inf        .0401153334 .0000024164 .0015544774 .0008974779 2097276.500000 2097276.504717 0.004717 0.000000        .3186323334 .0000000439 .0002095232 .0001209682 2097255.500000 2097276.504717 21.004717 0.001002         
4325376       .0239603334 .0000000318 .0001783255 .0001029562 2162996.500000 2163000.171407 3.671407 0.000170        .0264673333 .0000001265 .0003556683 .0002053451 inf 2163000.171407 inf inf        .0401963333 .0000001339 .0003659234 .0002112659 2163000.000000 2163000.171407 0.171407 0.000008        .3283606666 .0000000465 .0002156385 .0001244989 2162993.750000 2163000.171407 6.421407 0.000297         
4456448       .0242046667 .0000000031 .0000556776 .0000321454 2228557.500000 2228561.135336 3.635336 0.000163        .0269590000 .0000001588 .0003984971 .0002300724 inf 2228561.135336 inf inf        .0409453333 .0000000808 .0002842534 .0001641137 2228561.000000 2228561.135336 0.135336 0.000006        .3379573333 .0000000145 .0001204159 .0000695221 2228539.000000 2228561.135336 22.135336 0.000993         
4587520       .0256343333 .0000011359 .0010657860 .0006153318 2294160.750000 2294161.672002 0.922002 0.000040        .0273366666 .0000001717 .0004143669 .0002392348 inf 2294161.672002 inf inf        .0415670000 .0000000854 .0002922327 .0001687206 2294161.500000 2294161.672002 0.172002 0.000007        .3477193334 .0000000229 .0001513274 .0000873689 2294150.000000 2294161.672002 11.672002 0.000509         
4718592       .0253963333 .0000000725 .0002692582 .0001554562 2359583.000000 2359585.905372 2.905372 0.000123        .0278976666 .0000002451 .0004950757 .0002858320 inf 2359585.905372 inf inf        .0426913333 .0000000179 .0001337908 .0000772441 2359585.750000 2359585.905372 0.155372 0.000007        .3574760000 .0000000098 .0000989949 .0000571547 2359565.000000 2359585.905372 20.905372 0.000886         
4849664       .0258783333 .0000000676 .0002600000 .0001501110 2425029.750000 2425033.965891 4.215891 0.000174        .0282830000 .0000001442 .0003797367 .0002192410 inf 2425033.965891 inf inf        .0435256666 .0000000408 .0002019900 .0001166189 2425034.000000 2425033.965891 0.034109 0.000001        .3671723333 .0000000140 .0001183215 .0000683129 2425003.250000 2425033.965891 30.715891 0.001267         
4980736       .0265206666 0 0 0 2490571.250000 2490579.384468 8.134468 0.000327        .0287840000 .0000000279 .0001670329 .0000964364 inf 2490579.384468 inf inf        .0449173333 .0000005463 .0007391210 .0004267317 2490579.250000 2490579.384468 0.134468 0.000005        .3768320000 .0000000112 .0001058300 .0000611009 2490551.750000 2490579.384468 27.634468 0.001110         
5111808       .0276823333 .0000003495 .0005911852 .0003413209 2556071.000000 2556076.904357 5.904357 0.000231        .0289346667 .0000000094 .0000969535 .0000559761 inf 2556076.904357 inf inf        .0450646667 .0000000031 .0000556776 .0000321454 2556076.750000 2556076.904357 0.154357 0.000006        .3865940000 .0000000454 .0002130727 .0001230175 2556073.250000 2556076.904357 3.654357 0.000143         
5242880       .0271680000 .0000000030 .0000547722 .0000316227 2621684.750000 2621693.916483 9.166483 0.000350        .0298313333 .0000000572 .0002391652 .0001380820 inf 2621693.916483 inf inf        .0458133333 .0000000539 .0002321637 .0001340397 2621693.750000 2621693.916483 0.166483 0.000006        .3962860000 .0000000321 .0001791647 .0001034407 2621671.000000 2621693.916483 22.916483 0.000874         
5373952       .0286036666 .0000000244 .0001562049 .0000901849 2687287.500000 2687298.418018 10.918018 0.000406        .0301056666 .0000000510 .0002258317 .0001303839 inf 2687298.418018 inf inf        .0470050000 .0000000286 .0001691153 .0000976387 2687298.250000 2687298.418018 0.168018 0.000006        .4059480000 .0000000034 .0000583095 .0000336650 2687276.500000 2687298.418018 21.918018 0.000816         
5505024       .0289453333 .0000000140 .0001183215 .0000683129 2752707.500000 2752722.540953 15.040953 0.000546        .0307956667 .0000000586 .0002420743 .0001397616 inf 2752722.540953 inf inf        .0475220000 .0000000145 .0001204159 .0000695221 2752722.750000 2752722.540953 0.209047 0.000008        .4156416666 .0000000418 .0002044504 .0001180394 2752700.000000 2752722.540953 22.540953 0.000819         
5636096       .0292833334 .0000000105 .0001024695 .0000591607 2818301.000000 2818311.739744 10.739744 0.000381        .0314250000 .0000008962 .0009466784 .0005465650 inf 2818311.739744 inf inf        .0482633333 .0000001611 .0004013726 .0002317325 2818311.750000 2818311.739744 0.010256 0.000000        .4254390000 .0000000452 .0002126029 .0001227463 2818280.750000 2818311.739744 30.989744 0.001100         
5767168       .0297983333 .0000000105 .0001024695 .0000591607 2883872.500000 2883883.642889 11.142889 0.000386        .0314263333 .0000002686 .0005182663 .0002992211 inf 2883883.642889 inf inf        .0492810000 .0000000392 .0001979898 .0001143094 2883883.750000 2883883.642889 0.107111 0.000004        .4350633334 .0000000140 .0001183215 .0000683129 2883855.000000 2883883.642889 28.642889 0.000993         
5898240       .0300020000 .0000000420 .0002049390 .0001183215 2949400.750000 2949416.428961 15.678961 0.000532        .0316510000 .0000000724 .0002690724 .0001553490 inf 2949416.428961 inf inf        .0502550000 .0000002184 .0004673328 .0002698147 2949416.250000 2949416.428961 0.178961 0.000006        .4448940000 .0000000454 .0002130727 .0001230175 2949380.750000 2949416.428961 35.678961 0.001210         
6029312       .0306176666 .0000005133 .0007164495 .0004136423 3015035.250000 3015052.742385 17.492385 0.000580        .0321846666 .0000000125 .0001118033 .0000645496 inf 3015052.742385 inf inf        .0510720000 .0000000429 .0002071231 .0001195825 3015052.750000 3015052.742385 0.007615 0.000000        .4544173334 .0000000140 .0001183215 .0000683129 3015026.000000 3015052.742385 26.742385 0.000887         
6160384       .0310260000 .0000013334 .0011547294 .0006666833 3080560.500000 3080574.445847 13.945847 0.000453        .0325366666 .0000001033 .0003214031 .0001855621 inf 3080574.445847 inf inf        .0538496666 .0000165985 .0040741256 .0023521975 3080574.250000 3080574.445847 0.195847 0.000006        .4642153334 .0000000254 .0001593737 .0000920144 3080559.250000 3080574.445847 15.195847 0.000493         
6291456       .0306520000 .0000000034 .0000583095 .0000336650 3146089.750000 3146104.379481 14.629481 0.000465        .0328683333 .0000000167 .0001292284 .0000746100 inf 3146104.379481 inf inf        .0527583333 .0000000180 .0001341640 .0000774596 3146104.250000 3146104.379481 0.129481 0.000004        .4739413334 .0000000244 .0001562049 .0000901849 3146074.500000 3146104.379481 29.879481 0.000950         
6422528       .0309246666 .0000000105 .0001024695 .0000591607 3211709.750000 3211723.245490 13.495490 0.000420        .0329760000 .0000000022 .0000469041 .0000270800 inf 3211723.245490 inf inf        .0535040000 .0000000307 .0001752141 .0001011599 3211723.250000 3211723.245490 0.004510 0.000000        .4835646666 .0000000136 .0001166190 .0000673300 3211698.000000 3211723.245490 25.245490 0.000786         
6553600       .0313643333 .0000003508 .0005922837 .0003419551 3277387.500000 3277402.882479 15.382479 0.000469        .0347946667 .0000019695 .0014033887 .0008102468 inf 3277402.882479 inf inf        .0544983333 .0000001078 .0003283291 .0001895608 3277403.000000 3277402.882479 0.117521 0.000004        .4934996667 .0000000560 .0002366431 .0001366259 3277359.000000 3277402.882479 43.882479 0.001339         
6684672       .0317433334 .0000000308 .0001754992 .0001013245 3342962.750000 3342978.785429 16.035429 0.000480        .0344180000 .0000001824 .0004270831 .0002465765 inf 3342978.785429 inf inf        .0554333334 .0000000142 .0001191637 .0000687991 3342978.750000 3342978.785429 0.035429 0.000001        .5029876667 .0000000108 .0001039230 .0000599999 3342943.250000 3342978.785429 35.535429 0.001063         
6815744       .0326653334 .0000011322 .0010640488 .0006143288 3408429.000000 3408445.423633 16.423633 0.000482        .0347776667 .0000000704 .0002653299 .0001531882 inf 3408445.423633 inf inf        .0565246666 .0000000585 .0002418677 .0001396423 3408445.500000 3408445.423633 0.076367 0.000002        .5128533333 .0000000455 .0002133072 .0001231529 3408424.250000 3408445.423633 21.173633 0.000621         
6946816       .0331753333 .0000000722 .0002687005 .0001551343 3473805.500000 3473825.158748 19.658748 0.000566        .0355670000 .0000008048 .0008971064 .0005179446 inf 3473825.158748 inf inf        .0572746667 .0000000553 .0002351595 .0001357694 3473825.250000 3473825.158748 0.091252 0.000003        .5226153334 .0000000453 .0002128379 .0001228820 3473791.250000 3473825.158748 33.908748 0.000976         
7077888       .0331776666 .0000000105 .0001024695 .0000591607 3539098.500000 3539124.035284 25.535284 0.000722        .0355500000 .0000000124 .0001113552 .0000642909 inf 3539124.035284 inf inf        .0579753334 .0000001298 .0003602776 .0002080063 3539124.250000 3539124.035284 0.214716 0.000006        .5321023334 .0000000027 .0000519615 .0000299999 3539098.250000 3539124.035284 25.785284 0.000729         
7208960       .0339966667 .0000013319 .0011540797 .0006663082 3604730.500000 3604749.414081 18.914081 0.000525        .0356800000 .0000002523 .0005022947 .0002899999 inf 3604749.414081 inf inf        .0592596667 .0000021941 .0014812494 .0008551997 3604749.750000 3604749.414081 0.335919 0.000009        .5422076667 .0000005034 .0007095068 .0004096339 3604703.250000 3604749.414081 46.164081 0.001281         
7340032       .0337280000 .0000000149 .0001220655 .0000704745 3670280.000000 3670301.815337 21.815337 0.000594        .0361696666 .0000000628 .0002505992 .0001446835 inf 3670301.815337 inf inf        .0597823333 .0000000022 .0000469041 .0000270800 3670302.000000 3670301.815337 0.184663 0.000005        .5514923333 .0000000140 .0001183215 .0000683129 3670270.750000 3670301.815337 31.065337 0.000846         
7471104       .0342700000 .0000002235 .0004727578 .0002729468 3735649.000000 3735672.281731 23.281731 0.000623        .0369366667 .0000000106 .0001029563 .0000594418 inf 3735672.281731 inf inf        .0600766666 .0000000179 .0001337908 .0000772441 3735672.500000 3735672.281731 0.218269 0.000006        .5611156666 .0000000242 .0001555634 .0000898145 3735607.000000 3735672.281731 65.281731 0.001748         
7602176       .0344426666 .0000000144 .0001200000 .0000692820 3801292.250000 3801311.940188 19.690188 0.000518        .0370296667 .0000000529 .0002300000 .0001327905 inf 3801311.940188 inf inf        .0614326666 .0000000034 .0000583095 .0000336650 3801312.000000 3801311.940188 0.059812 0.000002        .5709483334 .0000000140 .0001183215 .0000683129 3801273.250000 3801311.940188 38.690188 0.001018         
7733248       .0347136666 .0000000105 .0001024695 .0000591607 3866841.500000 3866858.783750 17.283750 0.000447        .0374133334 .0000000543 .0002330236 .0001345362 inf 3866858.783750 inf inf        .0621106666 .0000000650 .0002549509 .0001471959 3866859.000000 3866858.783750 0.216250 0.000006        .5806090000 .0000000426 .0002063976 .0001191637 3866818.000000 3866858.783750 40.783750 0.001055         
7864320       .0353236667 .0000000307 .0001752141 .0001011599 3932466.000000 3932480.343587 14.343587 0.000365        .0379053334 .0000000520 .0002280350 .0001316560 inf 3932480.343587 inf inf        .0630933334 .0000000556 .0002357965 .0001361371 3932480.500000 3932480.343587 0.156413 0.000004        .5904050000 .0000000032 .0000565685 .0000326598 3932450.000000 3932480.343587 30.343587 0.000772         
7995392       .0358396666 .0000001363 .0003691882 .0002131509 3997963.000000 3997984.197705 21.197705 0.000530        .0380416666 .0000000018 .0000424264 .0000244948 inf 3997984.197705 inf inf        .0635616667 .0000001662 .0004076763 .0002353720 3997984.000000 3997984.197705 0.197705 0.000005        .6002006666 .0000000453 .0002128379 .0001228820 3997969.750000 3997984.197705 14.447705 0.000361         
8126464       .0358070000 .0000000032 .0000565685 .0000326598 4063407.250000 4063421.564376 14.314376 0.000352        .0395746666 .0000008932 .0009450925 .0005456494 inf 4063421.564376 inf inf        .0649546667 .0000000308 .0001754992 .0001013245 4063421.500000 4063421.564376 0.064376 0.000002        .6098943333 .0000000734 .0002709243 .0001564182 4063398.250000 4063421.564376 23.314376 0.000574         
8257536       .0364243333 .0000000026 .0000509901 .0000294391 4128804.000000 4128828.576739 24.576739 0.000595        .0389580000 .0000000024 .0000489897 .0000282842 inf 4128828.576739 inf inf        .0655656667 .0000000012 .0000346410 .0000199999 4128828.500000 4128828.576739 0.076739 0.000002        .6194846667 .0000000141 .0001187434 .0000685565 4128813.250000 4128828.576739 15.326739 0.000371         
8388608       .0369323333 .0000000140 .0001183215 .0000683129 4194487.500000 4194507.163758 19.663758 0.000469        .0396363334 .0000000135 .0001161895 .0000670820 inf 4194507.163758 inf inf        .0661120000 .0000000646 .0002541653 .0001467424 4194507.000000 4194507.163758 0.163758 0.000004        .6289426667 .0000000105 .0001024695 .0000591607 4194494.000000 4194507.163758 13.163758 0.000314         
8519680       .0371786667 .0000000426 .0002063976 .0001191637 4260017.500000 4260031.465691 13.965691 0.000328        .0399006666 .0000000164 .0001280624 .0000739368 inf 4260031.465691 inf inf        .0671500000 .0000001406 .0003749666 .0002164870 4260031.500000 4260031.465691 0.034309 0.000001        .6389420000 .0000000663 .0002574878 .0001486606 4259995.000000 4260031.465691 36.465691 0.000856         
8650752       .0376490000 .0000000436 .0002088061 .0001205542 4325732.500000 4325749.945156 17.445156 0.000403        .0405880000 .0000000262 .0001618641 .0000934522 inf 4325749.945156 inf inf        .0701603334 .0000123565 .0035151813 .0020294908 4325750.000000 4325749.945156 0.054844 0.000001        .6486036667 .0000000111 .0001053565 .0000608276 4325724.000000 4325749.945156 25.945156 0.000600         
8781824       .0381950000 .0000001260 .0003549647 .0002049389 4391389.000000 4391407.330376 18.330376 0.000417        .0410380000 .0000000108 .0001039230 .0000599999 inf 4391407.330376 inf inf        .0686593333 .0000001548 .0003934463 .0002271563 4391407.500000 4391407.330376 0.169624 0.000004        .6582316667 .0000000290 .0001702938 .0000983191 4391370.500000 4391407.330376 36.830376 0.000839         
8912896       .0388116666 .0000000307 .0001752141 .0001011599 4456999.500000 4457014.055340 14.555340 0.000327        .0411670000 .0000001104 .0003322649 .0001918332 inf 4457014.055340 inf inf        .0697196666 .0000000115 .0001072380 .0000619138 4457014.000000 4457014.055340 0.055340 0.000001        .6680233333 .0000000140 .0001183215 .0000683129 4456983.000000 4457014.055340 31.055340 0.000697         
9043968       .0390840000 .0000000032 .0000565685 .0000326598 4522532.500000 4522547.959327 15.459327 0.000342        .0418783333 .0000001246 .0003529872 .0002037972 inf 4522547.959327 inf inf        .0702516667 .0000000060 .0000774596 .0000447213 4522548.000000 4522547.959327 0.040673 0.000001        .6776500000 .0000000035 .0000591607 .0000341564 4522560.500000 4522547.959327 12.540673 0.000277         
9175040       .0392876666 .0000000244 .0001562049 .0000901849 4588059.500000 4588076.672473 17.172473 0.000374        .0423970000 .0000000240 .0001549193 .0000894426 inf 4588076.672473 inf inf        .0711966666 .0000000004 .0000200000 .0000115470 4588076.500000 4588076.672473 0.172473 0.000004        .6873436666 .0000000142 .0001191637 .0000687991 4588081.500000 4588076.672473 4.827527 0.000105         
9306112       .0398336667 .0000000105 .0001024695 .0000591607 4653648.000000 4653670.052662 22.052662 0.000474        .0425933334 .0000000176 .0001326649 .0000765941 inf 4653670.052662 inf inf        .0716936667 .0000001283 .0003581898 .0002068009 4653670.000000 4653670.052662 0.052662 0.000001        .6971476666 .0000000117 .0001081665 .0000624499 4653668.500000 4653670.052662 1.552662 0.000033         
9437184       .0401746666 .0000000140 .0001183215 .0000683129 4719317.000000 4719333.249203 16.249203 0.000344        .0426806666 .0000002559 .0005058655 .0002920615 inf 4719333.249203 inf inf        .0722253333 .0000000618 .0002485960 .0001435269 4719333.500000 4719333.249203 0.250797 0.000005        .7066976666 .0000000672 .0002592296 .0001496662 4719303.000000 4719333.249203 30.249203 0.000641         
9568256       .0407893333 .0000000244 .0001562049 .0000901849 4784735.000000 4784750.991585 15.991585 0.000334        .0434536666 .0000000119 .0001090871 .0000629814 inf 4784750.991585 inf inf        .0735850000 .0000000328 .0001811077 .0001045625 4784751.500000 4784750.991585 0.508415 0.000011        .7164940000 .0000000730 .0002701851 .0001559914 4784739.000000 4784750.991585 11.991585 0.000251         
9699328       .0417130000 .0000010704 .0010346013 .0005973273 4850499.500000 4850517.453271 17.953271 0.000370        .0439670000 .0000000549 .0002343074 .0001352774 inf 4850517.453271 inf inf        .0742860000 .0000001343 .0003664696 .0002115813 4850517.500000 4850517.453271 0.046729 0.000001        .7262186666 0 0 0 4850513.000000 4850517.453271 4.453271 0.000092         
9830400       .0432813333 .0000020589 .0014348867 .0008284322 4915981.500000 4916006.304219 24.804219 0.000505        .0441953333 .0000000024 .0000489897 .0000282842 inf 4916006.304219 inf inf        .0748653333 .0000001674 .0004091454 .0002362202 4916006.500000 4916006.304219 0.195781 0.000004        .7357453334 .0000000108 .0001039230 .0000599999 4916020.000000 4916006.304219 13.695781 0.000279         
9961472       .0423210000 .0000001861 .0004313930 .0002490648 4981310.000000 4981327.431886 17.431886 0.000350        .0443703333 .0000000754 .0002745906 .0001585349 inf 4981327.431886 inf inf        .0754870000 .0000000075 .0000866025 .0000499999 4981327.500000 4981327.431886 0.068114 0.000001        .7457086667 .0000000037 .0000608276 .0000351188 4981293.500000 4981327.431886 33.931886 0.000681         
10092544       .0430100000 .0000000291 .0001705872 .0000984885 5046844.000000 5046863.106484 19.106484 0.000379        .0444440000 0 0 0 inf 5046863.106484 inf inf        .0771766666 .0000024963 .0015799683 .0009121951 5046863.000000 5046863.106484 0.106484 0.000002        .7551670000 .0000000035 .0000591607 .0000341564 5046853.000000 5046863.106484 10.106484 0.000200         
10223616       .0432126667 .0000000734 .0002709243 .0001564182 5112217.000000 5112241.852711 24.852711 0.000486        .0451350000 .0000000715 .0002673948 .0001543804 inf 5112241.852711 inf inf        .0774796667 .0000000038 .0000616441 .0000355902 5112242.000000 5112241.852711 0.147289 0.000003        .7649290000 0 0 0 5112255.500000 5112241.852711 13.647289 0.000267         
10354688       .0433150000 0 0 0 5177738.500000 5177757.039182 18.539182 0.000358        .0456243333 .0000003176 .0005635601 .0003253715 inf 5177757.039182 inf inf        .0786973334 .0000005484 .0007405403 .0004275511 5177757.000000 5177757.039182 0.039182 0.000001        .7747583333 .0000001990 .0004460941 .0002575525 5177754.000000 5177757.039182 3.039182 0.000059         
10485760       .0438273334 .0000000316 .0001777638 .0001026319 5243288.000000 5243298.398039 10.398039 0.000198        .0466633333 .0000003255 .0005705260 .0003293933 inf 5243298.398039 inf inf        .0790706667 .0000000013 .0000360555 .0000208166 5243298.000000 5243298.398039 0.398039 0.000008        .7901183334 .0000969034 .0098439524 .0056834085 5243305.500000 5243298.398039 7.101961 0.000135         
10616832       .0445446666 .0000000308 .0001754992 .0001013245 5308741.000000 5308755.221866 14.221866 0.000268        .0468263334 .0000004089 .0006394528 .0003691882 inf 5308755.221866 inf inf        .0803500000 .0000000948 .0003078960 .0001777638 5308755.000000 5308755.221866 0.221866 0.000004        .7941153333 .0000000420 .0002049390 .0001183215 5308787.000000 5308755.221866 31.778134 0.000599         
10747904       .0451240000 .0000000034 .0000583095 .0000336650 5374372.000000 5374386.724716 14.724716 0.000274        .0471350000 .0000000438 .0002092844 .0001208304 inf 5374386.724716 inf inf        .0811510000 .0000000758 .0002753179 .0001589548 5374387.000000 5374386.724716 0.275284 0.000005        .8037760000 .0000000149 .0001220655 .0000704745 5374416.000000 5374386.724716 29.275284 0.000545         
10878976       .0458410000 .0000000245 .0001565247 .0000903695 5439869.000000 5439884.980582 15.980582 0.000294        .0473226667 .0000002090 .0004571651 .0002639443 inf 5439884.980582 inf inf        .0816023334 .0000000712 .0002668332 .0001540562 5439885.000000 5439884.980582 0.019418 0.000000        .8135690000 .0000000104 .0001019803 .0000588783 5439873.500000 5439884.980582 11.480582 0.000211         
11010048       .0459746666 .0000000108 .0001039230 .0000599999 5505422.000000 5505435.874302 13.874302 0.000252        .0477633333 .0000000104 .0001019803 .0000588783 inf 5505435.874302 inf inf        .0824950000 .0000001376 .0003709447 .0002141650 5505436.000000 5505435.874302 0.125698 0.000002        .8236373334 .0000010730 .0010358571 .0005980523 5505438.000000 5505435.874302 2.125698 0.000039         
11141120       .0460083333 .0000000446 .0002111871 .0001219289 5571023.500000 5571038.211745 14.711745 0.000264        .0481653333 .0000002174 .0004662617 .0002691963 inf 5571038.211745 inf inf        .0834850000 .0000003269 .0005717516 .0003301009 5571038.000000 5571038.211745 0.211745 0.000004        .8328873334 .0000000140 .0001183215 .0000683129 5570997.000000 5571038.211745 41.211745 0.000740         
11272192       .0464576667 .0000000541 .0002325940 .0001342882 5636396.500000 5636414.347818 17.847818 0.000317        .0486280000 .0000000351 .0001873499 .0001081665 inf 5636414.347818 inf inf        .0846030000 .0000004977 .0007054785 .0004073082 5636414.000000 5636414.347818 0.347818 0.000006        .8428563334 .0000005193 .0007206247 .0004160528 5636363.000000 5636414.347818 51.347818 0.000911         
11403264       .0466250000 .0000000035 .0000591607 .0000341564 5701928.500000 5701939.084756 10.584756 0.000186        .0489416666 .0000002285 .0004780167 .0002759830 inf 5701939.084756 inf inf        .0849940000 .0000000065 .0000806225 .0000465474 5701939.000000 5701939.084756 0.084756 0.000001        .8521726667 .0000000108 .0001039230 .0000599999 5701903.000000 5701939.084756 36.084756 0.000633         
11534336       .0472416667 .0000001338 .0003657868 .0002111871 5767378.500000 5767398.339795 19.839795 0.000344        .0503466667 .0000017961 .0013401865 .0007737570 inf 5767398.339795 inf inf        .0860970000 .0000000810 .0002846049 .0001643167 5767398.500000 5767398.339795 0.160205 0.000003        .8620030000 .0000000420 .0002049390 .0001183215 5767371.500000 5767398.339795 26.839795 0.000465         
11665408       .0473053334 .0000009592 .0009793875 .0005654496 5832850.000000 5832870.182324 20.182324 0.000346        .0496373333 .0000001207 .0003474190 .0002005824 inf 5832870.182324 inf inf        .0866186666 .0000001136 .0003370459 .0001945935 5832870.500000 5832870.182324 0.317676 0.000005        .8715603333 .0000000035 .0000591607 .0000341564 5832867.500000 5832870.182324 2.682324 0.000046         
11796480       .0472373333 .0000000133 .0001153256 .0000665832 5898511.500000 5898533.007677 21.507677 0.000365        .0502593334 .0000001172 .0003423448 .0001976528 inf 5898533.007677 inf inf        .0876596667 .0000003039 .0005512712 .0003182765 5898533.500000 5898533.007677 0.492323 0.000008        .8813556666 .0000000281 .0001676305 .0000967815 5898539.000000 5898533.007677 5.992323 0.000102         
11927552       .0475850000 .0000000028 .0000529150 .0000305504 5964186.000000 5964199.984331 13.984331 0.000234        .0506186667 .0000002508 .0005007993 .0002891366 inf 5964199.984331 inf inf        .0883446667 .0000001349 .0003672873 .0002120534 5964199.500000 5964199.984331 0.484331 0.000008        .8910846666 .0000000105 .0001024695 .0000591607 5964206.000000 5964199.984331 6.015669 0.000101         
12058624       .0480916666 .0000000029 .0000538516 .0000310912 6029613.000000 6029627.830057 14.830057 0.000246        .0511423334 .0000000012 .0000346410 .0000199999 inf 6029627.830057 inf inf        .0892316666 .0000000990 .0003146426 .0001816589 6029627.500000 6029627.830057 0.330057 0.000005        .9010526667 .0000001078 .0003283291 .0001895608 6029564.500000 6029627.830057 63.330057 0.001050         
12189696       .0485033334 .0000000140 .0001183215 .0000683129 6095058.500000 6095068.196116 9.696116 0.000159        .0515936666 .0000002493 .0004992995 .0002882707 inf 6095068.196116 inf inf        .0900703334 .0000000311 .0001763519 .0001018168 6095068.500000 6095068.196116 0.303884 0.000005        .9104020000 .0000000038 .0000616441 .0000355902 6095049.500000 6095068.196116 18.696116 0.000307         
12320768       .0489493333 .0000001357 .0003683748 .0002126812 6160540.500000 6160548.811461 8.311461 0.000135        .0520383334 .0000000264 .0001624807 .0000938082 inf 6160548.811461 inf inf        .0907116667 .0000000876 .0002959729 .0001708800 6160548.500000 6160548.811461 0.311461 0.000005        .9200650000 .0000000730 .0002701851 .0001559914 6160518.000000 6160548.811461 30.811461 0.000500         
12451840       .0491926667 .0000000028 .0000529150 .0000305504 6226195.500000 6226201.002778 5.502778 0.000088        .0521963334 .0000000417 .0002042057 .0001178982 inf 6226201.002778 inf inf        .0915606667 .0000000284 .0001685229 .0000972967 6226201.000000 6226201.002778 0.002778 0.000000        .9298263334 .0000000244 .0001562049 .0000901849 6226166.500000 6226201.002778 34.502778 0.000554         
12582912       .0497623334 .0000000095 .0000974679 .0000562731 6291787.000000 6291802.369396 15.369396 0.000244        .0527713333 .0000000287 .0001694107 .0000978093 inf 6291802.369396 inf inf        .0931563334 .0000007113 .0008433860 .0004869291 6291802.500000 6291802.369396 0.130604 0.000002        .9393846667 .0000000230 .0001516575 .0000875594 6291744.000000 6291802.369396 58.369396 0.000928         
12713984       .0500740000 0 0 0 6357241.500000 6357259.373689 17.873689 0.000281        .0537506666 .0000006212 .0007881624 .0004550457 inf 6357259.373689 inf inf        .0932736666 .0000001007 .0003173326 .0001832120 6357259.500000 6357259.373689 0.126311 0.000002        .9492156666 .0000000541 .0002325940 .0001342882 6357233.500000 6357259.373689 25.873689 0.000407         
12845056       .0506580000 .0000000262 .0001618641 .0000934522 6422739.500000 6422751.988488 12.488488 0.000194        .0536673334 .0000000526 .0002293468 .0001324134 inf 6422751.988488 inf inf        .0941813334 .0000003773 .0006142475 .0003546359 6422752.500000 6422751.988488 0.511512 0.000008        .9589750000 0 0 0 6422707.000000 6422751.988488 44.988488 0.000700         
12976128       .0509960000 .0000000420 .0002049390 .0001183215 6488250.500000 6488263.585831 13.085831 0.000202        .0541183333 .0000000844 .0002905167 .0001677298 inf 6488263.585831 inf inf        .0949470000 .0000000512 .0002262741 .0001306394 6488264.000000 6488263.585831 0.414169 0.000006        .9685290000 .0000000433 .0002080865 .0001201387 6488199.500000 6488263.585831 64.085831 0.000988         
13107200       .0514453333 .0000001324 .0003638681 .0002100793 6553708.500000 6553724.610982 16.110982 0.000246        .0543956666 .0000001418 .0003765634 .0002174089 inf 6553724.610982 inf inf        .0956813333 .0000001218 .0003489985 .0002014943 6553725.000000 6553724.610982 0.389018 0.000006        .9784320000 .0000000420 .0002049390 .0001183215 6553677.000000 6553724.610982 47.610982 0.000726         
13238272       .0518486666 .0000000453 .0002128379 .0001228820 6619302.500000 6619317.767300 15.267300 0.000231        .0547700000 .0000000054 .0000734846 .0000424263 inf 6619317.767300 inf inf        .0965300000 .0000000205 .0001431782 .0000826639 6619318.000000 6619317.767300 0.232700 0.000004        .9879520000 .0000000095 .0000974679 .0000562731 6619219.500000 6619317.767300 98.267300 0.001485         
13369344       .0522580000 .0000000454 .0002130727 .0001230175 6684855.500000 6684866.709123 11.209123 0.000168        .0559646666 .0000011121 .0010545615 .0006088513 inf 6684866.709123 inf inf        .0970286666 .0000000579 .0002406241 .0001389243 6684867.000000 6684866.709123 0.290877 0.000004        .9976490000 .0000000454 .0002130727 .0001230175 6684803.500000 6684866.709123 63.209123 0.000946         
13500416       .0527360000 .0000000420 .0002049390 .0001183215 6750462.500000 6750480.178376 17.678376 0.000262        .0553246666 .0000000712 .0002668332 .0001540562 inf 6750480.178376 inf inf        .0981556667 .0000003905 .0006248999 .0003607861 6750480.500000 6750480.178376 0.321624 0.000005        1.0072746666 .0000000035 .0000591607 .0000341564 6750407.000000 6750480.178376 73.178376 0.001084         
13631488       .0529750000 .0000000245 .0001565247 .0000903695 6816039.000000 6816056.876031 17.876031 0.000262        .0556766667 .0000000193 .0001389244 .0000802080 inf 6816056.876031 inf inf        .0991180000 .0000002159 .0004646504 .0002682660 6816057.500000 6816056.876031 0.623969 0.000009        1.0169343334 .0000000105 .0001024695 .0000591607 6815968.500000 6816056.876031 88.376031 0.001297         
13762560       .0535893333 .0000004643 .0006813956 .0003934039 6881724.500000 6881738.335139 13.835139 0.000201        .0563083333 .0000000447 .0002114237 .0001220655 inf 6881738.335139 inf inf        .0998933333 .0000000449 .0002118962 .0001223383 6881738.500000 6881738.335139 0.164861 0.000002        1.0268333333 .0000000140 .0001183215 .0000683129 6881695.000000 6881738.335139 43.335139 0.000630         
13893632       .0539666667 .0000000752 .0002742261 .0001583245 6947377.500000 6947385.600127 8.100127 0.000117        .0566366666 .0000001391 .0003729611 .0002153291 inf 6947385.600127 inf inf        .1003263334 .0000000635 .0002519920 .0001454876 6947385.500000 6947385.600127 0.100127 0.000001        1.0366633334 .0000001502 .0003875564 .0002237557 6947315.000000 6947385.600127 70.600127 0.001016         
14024704       .0543063333 .0000000244 .0001562049 .0000901849 7012954.500000 7012965.747328 11.247328 0.000160        .0570250000 .0000000265 .0001627882 .0000939858 inf 7012965.747328 inf inf        .1015606667 .0000000597 .0002443358 .0001410673 7012965.500000 7012965.747328 0.247328 0.000004        1.0462550000 .0000000245 .0001565247 .0000903695 7012916.000000 7012965.747328 49.747328 0.000709         
14155776       .0545793333 .0000000105 .0001024695 .0000591607 7078732.500000 7078740.956210 8.456210 0.000119        .0578740000 .0000000069 .0000830662 .0000479582 inf 7078740.956210 inf inf        .1025110000 .0000001410 .0003754996 .0002167947 7078740.500000 7078740.956210 0.456210 0.000006        1.0558090000 .0000000147 .0001212435 .0000699999 7078685.500000 7078740.956210 55.456210 0.000783         
14286848       .0550230000 .0000000034 .0000583095 .0000336650 7144181.500000 7144197.583396 16.083396 0.000225        .0583700000 .0000000747 .0002733130 .0001577973 inf 7144197.583396 inf inf        .1028523334 .0000000272 .0001649242 .0000952190 7144197.500000 7144197.583396 0.083396 0.000001        1.0656426666 .0000000035 .0000591607 .0000341564 7144133.000000 7144197.583396 64.583396 0.000904         
14417920       .0555690000 .0000000663 .0002574878 .0001486606 7209873.500000 7209883.579003 10.079003 0.000140        .0585590000 .0000001000 .0003162277 .0001825741 inf 7209883.579003 inf inf        .1040063333 .0000000060 .0000774596 .0000447213 7209883.500000 7209883.579003 0.079003 0.000001        1.0751680000 .0000000468 .0002163330 .0001248999 7209843.500000 7209883.579003 40.079003 0.000556         
14548992       .0558420000 .0000000049 .0000700000 .0000404145 7275281.000000 7275294.987045 13.987045 0.000192        .0588533333 .0000000149 .0001220655 .0000704745 inf 7275294.987045 inf inf        .1047223334 .0000000370 .0001923538 .0001110555 7275294.500000 7275294.987045 0.487045 0.000007        1.0850293333 .0000000400 .0002000000 .0001154700 7275236.500000 7275294.987045 58.487045 0.000804         
14680064       .0564256666 .0000000746 .0002731300 .0001576916 7340674.000000 7340688.037901 14.037901 0.000191        .0588310000 .0000000325 .0001802775 .0001040832 inf 7340688.037901 inf inf        .1057013334 .0000001802 .0004244997 .0002450850 7340687.500000 7340688.037901 0.537901 0.000007        1.0947243334 .0000000244 .0001562049 .0000901849 7340641.500000 7340688.037901 46.537901 0.000634         
14811136       .0569686667 .0000001082 .0003289376 .0001899122 7406345.000000 7406362.078976 17.078976 0.000231        .0593823333 .0000000017 .0000412310 .0000238047 inf 7406362.078976 inf inf        .1065923334 .0000000446 .0002111871 .0001219289 7406361.500000 7406362.078976 0.578976 0.000008        1.1042133334 .0000000035 .0000591607 .0000341564 7406341.500000 7406362.078976 20.578976 0.000278         
14942208       .0577186667 .0000000249 .0001577973 .0000911043 7471889.500000 7471907.845246 18.345246 0.000246        .0599306667 .0000000205 .0001431782 .0000826639 inf 7471907.845246 inf inf        .1070700000 .0000000135 .0001161895 .0000670820 7471907.500000 7471907.845246 0.345246 0.000005        1.1139403334 .0000000239 .0001545962 .0000892561 7471895.500000 7471907.845246 12.345246 0.000165         
15073280       .0578600000 .0000000924 .0003039736 .0001754992 7537286.500000 7537306.067692 19.567692 0.000260        .0606280000 .0000001404 .0003746998 .0002163330 inf 7537306.067692 inf inf        .1078613334 .0000002453 .0004952776 .0002859486 7537306.000000 7537306.067692 0.067692 0.000001        1.1237046666 .0000000239 .0001545962 .0000892561 7537278.500000 7537306.067692 27.567692 0.000366         
15204352       .0579586667 .0000000734 .0002709243 .0001564182 7602953.000000 7602974.147434 21.147434 0.000278        .0609056667 .0000000738 .0002716615 .0001568438 inf 7602974.147434 inf inf        .1086900000 .0000000173 .0001315294 .0000759385 7602974.000000 7602974.147434 0.147434 0.000002        1.1333623333 .0000000108 .0001039230 .0000599999 7602951.500000 7602974.147434 22.647434 0.000298         
15335424       .0583683333 .0000000314 .0001772004 .0001023066 7668702.000000 7668720.100887 18.100887 0.000236        .0615273333 .0000000810 .0002846049 .0001643167 inf 7668720.100887 inf inf        .1097290000 .0000000388 .0001969771 .0001137247 7668720.000000 7668720.100887 0.100887 0.000001        1.1436033334 .0000009546 .0009770363 .0005640921 7668712.500000 7668720.100887 7.600887 0.000099         
15466496       .0588803334 .0000000314 .0001772004 .0001023066 7734322.000000 7734340.759877 18.759877 0.000243        .0614370000 .0000001591 .0003988734 .0002302896 inf 7734340.759877 inf inf        .1101193333 .0000000619 .0002487971 .0001436430 7734341.000000 7734340.759877 0.240123 0.000003        1.1528533333 .0000000244 .0001562049 .0000901849 7734285.000000 7734340.759877 55.759877 0.000721         
15597568       .0596990000 .0000001991 .0004462062 .0002576172 7799779.500000 7799796.203869 16.703869 0.000214        .0620950000 .0000000209 .0001445683 .0000834665 inf 7799796.203869 inf inf        .1113246666 .0000001346 .0003668787 .0002118175 7799796.000000 7799796.203869 0.203869 0.000003        1.1626173333 .0000000142 .0001191637 .0000687991 7799785.000000 7799796.203869 11.203869 0.000144         
15728640       .0598016666 .0000000945 .0003074085 .0001774823 7865351.500000 7865362.231062 10.731062 0.000136        .0621730000 .0000000134 .0001157583 .0000668330 inf 7865362.231062 inf inf        .1130830000 .0000009386 .0009688137 .0005593448 7865362.000000 7865362.231062 0.231062 0.000003        1.1721726667 .0000000316 .0001777638 .0001026319 7865351.000000 7865362.231062 11.231062 0.000143         
15859712       .0605846666 .0000001795 .0004236744 .0002446085 7930927.500000 7930938.548530 11.048530 0.000139        .0628776667 .0000003649 .0006040695 .0003487596 inf 7930938.548530 inf inf        .1127360000 .0000000021 .0000458257 .0000264574 7930938.500000 7930938.548530 0.048530 0.000001        1.1822763334 .0000004226 .0006500769 .0003753220 7930962.500000 7930938.548530 23.951470 0.000302         
15990784       .0615423334 .0000007656 .0008749857 .0005051732 7996288.000000 7996306.287523 18.287523 0.000229        .0634860000 .0000001247 .0003531288 .0002038790 inf 7996306.287523 inf inf        .1134380000 .0000000732 .0002705549 .0001562049 7996306.000000 7996306.287523 0.287523 0.000004        1.1917310000 0 0 0 7996358.500000 7996306.287523 52.212477 0.000653         
16121856       .0612010000 .0000000663 .0002574878 .0001486606 8061705.500000 8061715.914647 10.414647 0.000129        .0640806666 .0000000093 .0000964365 .0000556776 inf 8061715.914647 inf inf        .1142186667 .0000000963 .0003103224 .0001791647 8061715.500000 8061715.914647 0.414647 0.000005        1.2013250000 .0000000030 .0000547722 .0000316227 8061685.000000 8061715.914647 30.914647 0.000383         
16252928       .0612353333 .0000000734 .0002709243 .0001564182 8127240.000000 8127255.952634 15.952634 0.000196        .0643263334 .0000000951 .0003083828 .0001780448 inf 8127255.952634 inf inf        .1153546667 .0000001512 .0003888444 .0002244994 8127255.500000 8127255.952634 0.452634 0.000006        1.2110530000 .0000000030 .0000547722 .0000316227 8127238.000000 8127255.952634 17.952634 0.000221         
16384000       .0620193333 .0000000976 .0003124099 .0001803699 8192729.000000 8192745.967413 16.967413 0.000207        .0641646666 .0000000556 .0002357965 .0001361371 inf 8192745.967413 inf inf        .1165163333 .0000004091 .0006396092 .0003692785 8192745.500000 8192745.967413 0.467413 0.000006        1.2210496667 .0000003528 .0005939696 .0003429285 8192747.500000 8192745.967413 1.532587 0.000019         
16515072       .0622623333 .0000000325 .0001802775 .0001040832 8258147.000000 8258159.681481 12.681481 0.000154        .0649313334 .0000005828 .0007634133 .0004407568 inf 8258159.681481 inf inf        .1166173334 .0000000468 .0002163330 .0001248999 8258159.500000 8258159.681481 0.181481 0.000002        1.2304383334 .0000000105 .0001024695 .0000591607 8258175.000000 8258159.681481 15.318519 0.000185         
16646144       .0625683333 .0000000111 .0001053565 .0000608276 8323617.500000 8323627.585341 10.085341 0.000121        .0654346667 .0000000177 .0001330413 .0000768114 inf 8323627.585341 inf inf        .1174356667 .0000000190 .0001378404 .0000795821 8323627.500000 8323627.585341 0.085341 0.000001        1.2404703333 .0000000915 .0003024896 .0001746424 8323724.500000 8323627.585341 96.914659 0.001164         
16777216       .0633503333 .0000000458 .0002140093 .0001235583 8389068.000000 8389081.590939 13.590939 0.000162        .0657900000 .0000000175 .0001322875 .0000763762 inf 8389081.590939 inf inf        .1183380000 .0000001122 .0003349626 .0001933907 8389082.000000 8389081.590939 0.409061 0.000005        1.2501336666 .0000000140 .0001183215 .0000683129 8389156.000000 8389081.590939 74.409061 0.000887         
16908288       .0637226667 .0000000650 .0002549509 .0001471959 8454428.000000 8454434.762391 6.762391 0.000080        .0661740000 .0000000102 .0001009950 .0000583094 inf 8454434.762391 inf inf        .1189036666 .0000000292 .0001708800 .0000986576 8454435.000000 8454434.762391 0.237609 0.000003        1.2596930000 .0000000460 .0002144761 .0001238278 8454522.000000 8454434.762391 87.237609 0.001032         
17039360       .0635893333 .0000000105 .0001024695 .0000591607 8519923.000000 8519942.725700 19.725700 0.000232        .0668606667 .0000002393 .0004891829 .0002824298 inf 8519942.725700 inf inf        .1199996666 .0000000282 .0001679285 .0000969535 8519943.000000 8519942.725700 0.274300 0.000003        1.2691113333 .0000000140 .0001183215 .0000683129 8519947.000000 8519942.725700 4.274300 0.000050         
17170432       .0642690000 .0000000149 .0001220655 .0000704745 8585461.000000 8585482.551109 21.551109 0.000251        .0668863333 .0000001780 .0004219004 .0002435843 inf 8585482.551109 inf inf        .1208713333 .0000002585 .0005084289 .0002935415 8585482.000000 8585482.551109 0.551109 0.000006        1.2789763333 .0000000314 .0001772004 .0001023066 8585499.000000 8585482.551109 16.448891 0.000192         
17301504       .0646486666 .0000000453 .0002128379 .0001228820 8651158.000000 8651179.113970 21.113970 0.000244        .0673483334 .0000000309 .0001757839 .0001014888 inf 8651179.113970 inf inf        .1217066666 .0000000014 .0000374165 .0000216024 8651179.000000 8651179.113970 0.113970 0.000001        1.2887383333 .0000000244 .0001562049 .0000901849 8651146.000000 8651179.113970 33.113970 0.000383         
17432576       .0646826666 .0000000035 .0000591607 .0000341564 8716546.000000 8716564.096515 18.096515 0.000208        .0677973334 .0000004742 .0006886218 .0003975759 inf 8716564.096515 inf inf        .1225066666 .0000002099 .0004581484 .0002645121 8716564.000000 8716564.096515 0.096515 0.000001        1.2987050000 .0000000034 .0000583095 .0000336650 8716522.000000 8716564.096515 42.096515 0.000483         
17563648       .0649216666 .0000000105 .0001024695 .0000591607 8781851.000000 8781877.645634 26.645634 0.000303        .0685900000 .0000002366 .0004864154 .0002808320 inf 8781877.645634 inf inf        .1235936667 .0000008596 .0009271461 .0005352880 8781878.000000 8781877.645634 0.354366 0.000004        1.3080916667 .0000000560 .0002366431 .0001366259 8781846.000000 8781877.645634 31.645634 0.000360         
17694720       .0658423334 .0000001366 .0003695943 .0002133853 8847326.000000 8847344.144203 18.144203 0.000205        .0684633334 .0000001255 .0003542597 .0002045319 inf 8847344.144203 inf inf        .1243030000 .0000000057 .0000754983 .0000435889 8847344.000000 8847344.144203 0.144203 0.000002        1.3177546667 .0000000133 .0001153256 .0000665832 8847337.000000 8847344.144203 7.144203 0.000081         
17825792       .0659456666 .0000000418 .0002044504 .0001180394 8912816.000000 8912827.462064 11.462064 0.000129        .0689320000 .0000000384 .0001959591 .0001131370 inf 8912827.462064 inf inf        .1248643333 .0000001164 .0003411744 .0001969771 8912827.000000 8912827.462064 0.462064 0.000005        1.3275466667 .0000000248 .0001574801 .0000909211 8912706.000000 8912827.462064 121.462064 0.001363         
17956864       .0663553333 .0000000314 .0001772004 .0001023066 8978334.000000 8978348.031010 14.031010 0.000156        .0692906666 .0000000011 .0000331662 .0000191485 inf 8978348.031010 inf inf        .1252680000 .0000000053 .0000728010 .0000420316 8978348.000000 8978348.031010 0.031010 0.000000        1.3372066666 .0000000249 .0001577973 .0000911043 8978349.000000 8978348.031010 0.968990 0.000011         
18087936       .0665256666 .0000000244 .0001562049 .0000901849 9043932.000000 9043944.916687 12.916687 0.000143        .0700490000 .0000002251 .0004744470 .0002739221 inf 9043944.916687 inf inf        .1265033333 .0000001408 .0003752332 .0002166409 9043945.000000 9043944.916687 0.083313 0.000001        1.3475806666 .0000005084 .0007130217 .0004116632 9043887.000000 9043944.916687 57.916687 0.000640         
18219008       .0669313334 .0000000227 .0001506651 .0000869865 9109573.000000 9109571.589961 1.410039 0.000015        .0706163334 .0000001662 .0004076763 .0002353720 inf 9109571.589961 inf inf        .1271083334 .0000000199 .0001410673 .0000814452 9109571.000000 9109571.589961 0.589961 0.000006        1.3567996666 .0000005034 .0007095068 .0004096339 9109500.000000 9109571.589961 71.589961 0.000786         
18350080       .0676830000 .0000001323 .0003637306 .0002099999 9175118.000000 9175135.015153 17.015153 0.000185        .0710110000 .0000001666 .0004081666 .0002356550 inf 9175135.015153 inf inf        .1298783334 .0000026777 .0016363679 .0009447574 9175135.000000 9175135.015153 0.015153 0.000000        1.3661556667 .0000000146 .0001208304 .0000697614 9175126.000000 9175135.015153 9.015153 0.000098         
18481152       .0677570000 .0000000226 .0001503329 .0000867947 9240622.000000 9240636.702321 14.702321 0.000159        .0713236666 .0000000507 .0002251666 .0001299999 inf 9240636.702321 inf inf        .1289270000 .0000002377 .0004875448 .0002814841 9240637.000000 9240636.702321 0.297679 0.000003        1.3759486666 .0000000105 .0001024695 .0000591607 9240642.000000 9240636.702321 5.297679 0.000057         
18612224       .0682666666 .0000000873 .0002954657 .0001705872 9306251.000000 9306269.800438 18.800438 0.000202        .0722100000 .0000010608 .0010299514 .0005946427 inf 9306269.800438 inf inf        .1298943333 .0000000980 .0003130495 .0001807392 9306270.000000 9306269.800438 0.199562 0.000002        1.3855060000 .0000000034 .0000583095 .0000336650 9306266.000000 9306269.800438 3.800438 0.000041         
18743296       .0687070000 .0000000115 .0001072380 .0000619138 9371808.000000 9371825.168327 17.168327 0.000183        .0719720000 .0000008507 .0009223339 .0005325097 inf 9371825.168327 inf inf        .1306430000 .0000000212 .0001456021 .0000840634 9371825.000000 9371825.168327 0.168327 0.000002        1.3952373333 .0000000431 .0002076053 .0001198609 9371811.000000 9371825.168327 14.168327 0.000151         
18874368       .0692566667 .0000000140 .0001183215 .0000683129 9437297.000000 9437314.375699 17.375699 0.000184        .0723950000 .0000000642 .0002533771 .0001462873 inf 9437314.375699 inf inf        .1313676667 .0000000069 .0000830662 .0000479582 9437314.000000 9437314.375699 0.375699 0.000004        1.4053716667 .0000000453 .0002128379 .0001228820 9437299.000000 9437314.375699 15.375699 0.000163         
19005440       .0697336667 .0000000737 .0002714774 .0001567375 9502902.000000 9502921.782168 19.782168 0.000208        .0727970000 .0000000991 .0003148015 .0001817507 inf 9502921.782168 inf inf        .1323743334 .0000000132 .0001148912 .0000663324 9502922.000000 9502921.782168 0.217832 0.000002        1.4145536666 .0000000734 .0002709243 .0001564182 9502835.000000 9502921.782168 86.782168 0.000913         
19136512       .0705920000 .0000010876 .0010428806 .0006021073 9568498.000000 9568504.086260 6.086260 0.000064        .0741513333 .0000005764 .0007592101 .0004383301 inf 9568504.086260 inf inf        .1329846667 .0000000342 .0001849324 .0001067707 9568504.000000 9568504.086260 0.086260 0.000001        1.4248276666 .0000006009 .0007751773 .0004475488 9568412.000000 9568504.086260 92.086260 0.000962         
19267584       .0703486666 .0000000105 .0001024695 .0000591607 9634154.000000 9634170.093653 16.093653 0.000167        .0734283333 .0000001437 .0003790778 .0002188606 inf 9634170.093653 inf inf        .1341580000 .0000000211 .0001452583 .0000838649 9634170.000000 9634170.093653 0.093653 0.000001        1.4340800000 .0000000036 .0000600000 .0000346410 9634130.000000 9634170.093653 40.093653 0.000416         
19398656       .0706563334 .0000000314 .0001772004 .0001023066 9699419.000000 9699430.850968 11.850968 0.000122        .0739796666 .0000000196 .0001400000 .0000808290 inf 9699430.850968 inf inf        .1342410000 .0000000529 .0002300000 .0001327905 9699431.000000 9699430.850968 0.149032 0.000002        1.4438060000 .0000000138 .0001174734 .0000678232 9699315.000000 9699430.850968 115.850968 0.001194         
19529728       .0710996666 .0000000140 .0001183215 .0000683129 9764899.000000 9764895.106757 3.893243 0.000040        .0743296666 .0000000862 .0002935983 .0001695090 inf 9764895.106757 inf inf        .1354090000 .0000000653 .0002555386 .0001475352 9764896.000000 9764895.106757 0.893243 0.000009        1.4534316666 .0000000035 .0000591607 .0000341564 9764809.000000 9764895.106757 86.106757 0.000882         
19660800       .0714446667 .0000000533 .0002308679 .0001332916 9830134.000000 9830148.571136 14.571136 0.000148        .0753333333 .0000000015 .0000387298 .0000223606 inf 9830148.571136 inf inf        .1364756666 .0000000046 .0000678232 .0000391577 9830149.000000 9830148.571136 0.428864 0.000004        1.4630913333 .0000000314 .0001772004 .0001023066 9830096.000000 9830148.571136 52.571136 0.000535         
19791872       .0720896667 .0000000105 .0001024695 .0000591607 9895373.000000 9895376.198347 3.198347 0.000032        .0753170000 .0000000280 .0001673320 .0000966091 inf 9895376.198347 inf inf        .1368136666 .0000002015 .0004488875 .0002591653 9895376.000000 9895376.198347 0.198347 0.000002        1.4730196667 .0000000760 .0002756809 .0001591644 9895330.000000 9895376.198347 46.198347 0.000467         
19922944       .0723330000 .0000000149 .0001220655 .0000704745 9961022.000000 9961025.574643 3.574643 0.000036        .0757600000 .0000000218 .0001476482 .0000852447 inf 9961025.574643 inf inf        .1377940000 .0000003606 .0006004997 .0003466986 9961026.000000 9961025.574643 0.425357 0.000004        1.4827530000 .0000001693 .0004114608 .0002375570 9961080.000000 9961025.574643 54.425357 0.000546         
20054016       .0729746666 .0000000236 .0001536229 .0000886942 10026483.000000 10026478.951757 4.048243 0.000040        .0761686666 .0000007615 .0008726396 .0005038187 inf 10026478.951757 inf inf        .1395043334 .0000021761 .0014751610 .0008516846 10026480.000000 10026478.951757 1.048243 0.000010        1.4924460000 .0000001504 .0003878143 .0002239046 10026431.000000 10026478.951757 47.951757 0.000478         
20185088       .0734240000 .0000000724 .0002690724 .0001553490 10091991.000000 10091992.915648 1.915648 0.000019        .0767616667 .0000000057 .0000754983 .0000435889 inf 10091992.915648 inf inf        .1398890000 .0000010598 .0010294658 .0005943623 10091993.000000 10091992.915648 0.084352 0.000001        1.5019690000 .0000000663 .0002574878 .0001486606 10091892.000000 10091992.915648 100.915648 0.001000         
20316160       .0744480000 .0000005129 .0007161703 .0004134811 10157464.000000 10157460.745812 3.254188 0.000032        .0774013333 .0000003312 .0005754997 .0003322649 inf 10157460.745812 inf inf        .1404950000 .0000002468 .0004967896 .0002868216 10157461.000000 10157460.745812 0.254188 0.000003        1.5115916667 .0000000461 .0002147091 .0001239623 10157429.000000 10157460.745812 31.745812 0.000313         
20447232       .0741376666 .0000000314 .0001772004 .0001023066 10223071.000000 10223071.203974 0.203974 0.000002        .0771563333 .0000000982 .0003133687 .0001809235 inf 10223071.203974 inf inf        .1411423334 .0000000072 .0000848528 .0000489897 10223071.000000 10223071.203974 0.203974 0.000002        1.5216296666 .0000000557 .0002360084 .0001362595 10223014.000000 10223071.203974 57.203974 0.000560         
20578304       .0747850000 .0000000231 .0001519868 .0000877496 10288742.000000 10288757.729273 15.729273 0.000153        .0780650000 .0000000339 .0001841195 .0001063014 inf 10288757.729273 inf inf        .1425076667 .0000005553 .0007451845 .0004302324 10288758.000000 10288757.729273 0.270727 0.000003        1.5314933334 .0000006369 .0007980601 .0004607602 10288701.000000 10288757.729273 56.729273 0.000551         
20709376       .0752950000 .0000000258 .0001606237 .0000927361 10354375.000000 10354386.850437 11.850437 0.000114        .0782260000 .0000000659 .0002567099 .0001482115 inf 10354386.850437 inf inf        .1430560000 .0000008188 .0009048756 .0005224301 10354387.000000 10354386.850437 0.149563 0.000001        1.5407443334 .0000000244 .0001562049 .0000901849 10354349.000000 10354386.850437 37.850437 0.000366         
20840448       .0756703334 .0000000296 .0001720465 .0000993310 10419894.000000 10419903.778411 9.778411 0.000094        .0788203334 .0000008116 .0009008884 .0005201281 inf 10419903.778411 inf inf        .1432726666 .0000000746 .0002731300 .0001576916 10419904.000000 10419903.778411 0.221589 0.000002        1.5503690000 .0000000974 .0003120897 .0001801850 10419838.000000 10419903.778411 65.778411 0.000631         
20971520       .0760150000 .0000000245 .0001565247 .0000903695 10485477.000000 10485480.039175 3.039175 0.000029        .0790760000 .0000000384 .0001959591 .0001131370 inf 10485480.039175 inf inf        .1442806666 .0000000252 .0001587450 .0000916514 10485480.000000 10485480.039175 0.039175 0.000000        1.5602913333 .0000000553 .0002351595 .0001357694 10485441.000000 10485480.039175 39.039175 0.000372         
21102592       .0763520000 .0000000422 .0002054263 .0001186029 10550960.000000 10550953.148003 6.851997 0.000065        .0792876667 .0000001357 .0003683748 .0002126812 inf 10550953.148003 inf inf        .1457653333 .0000003267 .0005715767 .0003299999 10550953.000000 10550953.148003 0.148003 0.000001        1.5700693334 .0000000446 .0002111871 .0001219289 10550986.000000 10550953.148003 32.851997 0.000311         
21233664       .0764930000 .0000000420 .0002049390 .0001183215 10616434.000000 10616447.103729 13.103729 0.000123        .0798090000 .0000000625 .0002500000 .0001443375 inf 10616447.103729 inf inf        .1458710000 .0000000435 .0002085665 .0001204159 10616447.000000 10616447.103729 0.103729 0.000001        1.5795530000 .0000000043 .0000655743 .0000378593 10616467.000000 10616447.103729 19.896271 0.000187         
21364736       .0769363334 .0000000035 .0000591607 .0000341564 10682045.000000 10682040.785579 4.214421 0.000039        .0802226666 .0000000502 .0002240535 .0001293573 inf 10682040.785579 inf inf        .1468853334 .0000000263 .0001621727 .0000936304 10682040.000000 10682040.785579 0.785579 0.000007        1.5893116666 .0000000044 .0000663324 .0000382970 10682020.000000 10682040.785579 20.785579 0.000195         
21495808       .0773440000 .0000000459 .0002142428 .0001236931 10747624.000000 10747628.343674 4.343674 0.000040        .1455060000 .0125036199 .1118195863 .0645590682 inf 10747628.343674 inf inf        .1477110000 .0000000366 .0001913112 .0001104535 10747628.000000 10747628.343674 0.343674 0.000003        1.5989760000 .0000000733 .0002707397 .0001563116 10747566.000000 10747628.343674 62.343674 0.000580         
21626880       .0779586667 .0000000443 .0002104756 .0001215181 10813286.000000 10813283.816651 2.183349 0.000020        .0807476666 .0000000550 .0002345207 .0001354005 inf 10813283.816651 inf inf        .1483646667 .0000000322 .0001794435 .0001036017 10813284.000000 10813283.816651 0.183349 0.000002        1.6086370000 .0000000656 .0002561249 .0001478737 10813195.000000 10813283.816651 88.816651 0.000821         
21757952       .0782336666 .0000000105 .0001024695 .0000591607 10878831.000000 10878845.965033 14.965033 0.000138        .0813746666 .0000001626 .0004032369 .0002328089 inf 10878845.965033 inf inf        .1492043333 .0000000059 .0000768114 .0000443470 10878846.000000 10878845.965033 0.034967 0.000000        1.6185346667 .0000000734 .0002709243 .0001564182 10878831.000000 10878845.965033 14.965033 0.000138         
21889024       .0786463334 .0000000400 .0002000000 .0001154700 10944214.000000 10944235.758030 21.758030 0.000199        .0818016667 .0000007821 .0008843641 .0005105878 inf 10944235.758030 inf inf        .1501490000 .0000001150 .0003391164 .0001957889 10944236.000000 10944235.758030 0.241970 0.000002        1.6281260000 .0000000034 .0000583095 .0000336650 10944214.000000 10944235.758030 21.758030 0.000199         
22020096       .0789503333 .0000000105 .0001024695 .0000591607 11009783.000000 11009792.955764 9.955764 0.000090        .0822003334 .0000000659 .0002567099 .0001482115 inf 11009792.955764 inf inf        .1511316666 .0000004157 .0006447480 .0003722454 11009792.000000 11009792.955764 0.955764 0.000009        1.6376833334 .0000000105 .0001024695 .0000591607 11009758.000000 11009792.955764 34.955764 0.000317         
22151168       .0792513334 .0000000114 .0001067707 .0000616440 11075367.000000 11075374.166191 7.166191 0.000065        .0825686667 .0000002019 .0004493328 .0002594224 inf 11075374.166191 inf inf        .1518530000 .0000001107 .0003327160 .0001920936 11075374.000000 11075374.166191 0.166191 0.000002        1.6476150000 .0000001347 .0003670149 .0002118961 11075320.000000 11075374.166191 54.166191 0.000489         
22282240       .0795646666 .0000000105 .0001024695 .0000591607 11140872.000000 11140882.127629 10.127629 0.000091        .0830390000 .0000000649 .0002547547 .0001470826 inf 11140882.127629 inf inf        .1523700000 .0000001325 .0003640054 .0002101586 11140882.000000 11140882.127629 0.127629 0.000001        1.6576876667 .0000010691 .0010339729 .0005969645 11140751.000000 11140882.127629 131.127629 0.001177         
22413312       .0801430000 .0000000243 .0001558845 .0000899999 11206362.000000 11206376.984165 14.984165 0.000134        .0832480000 .0000001394 .0003733630 .0002155612 inf 11206376.984165 inf inf        .1528706667 .0000000818 .0002860069 .0001651261 11206377.000000 11206376.984165 0.015835 0.000000        1.6669013334 .0000000244 .0001562049 .0000901849 11206292.000000 11206376.984165 84.984165 0.000758         
22544384       .0806226666 .0000000140 .0001183215 .0000683129 11271914.000000 11271928.524510 14.524510 0.000129        .0837750000 .0000001185 .0003442382 .0001987460 inf 11271928.524510 inf inf        .1548863333 .0000008945 .0009457801 .0005460463 11271928.000000 11271928.524510 0.524510 0.000005        1.6767656667 .0000004233 .0006506150 .0003756327 11271878.000000 11271928.524510 50.524510 0.000448         
22675456       .0808980000 .0000000098 .0000989949 .0000571547 11337491.000000 11337524.622363 33.622363 0.000297        .0842580000 .0000000586 .0002420743 .0001397616 inf 11337524.622363 inf inf        .1546953333 .0000003201 .0005657738 .0003266496 11337524.000000 11337524.622363 0.622363 0.000005        1.6865620000 .0000001715 .0004141255 .0002390954 11337442.000000 11337524.622363 82.622363 0.000729         
22806528       .0813400000 .0000000034 .0000583095 .0000336650 11403021.000000 11403040.959043 19.959043 0.000175        .0846293333 .0000001600 .0004000000 .0002309401 inf 11403040.959043 inf inf        .1559370000 .0000002531 .0005030904 .0002904593 11403040.000000 11403040.959043 0.959043 0.000008        1.6960533333 .0000000111 .0001053565 .0000608276 11402996.000000 11403040.959043 44.959043 0.000394         
22937600       .0819880000 .0000000663 .0002574878 .0001486606 11468624.000000 11468640.059699 16.059699 0.000140        .0849323333 .0000000098 .0000989949 .0000571547 inf 11468640.059699 inf inf        .1564353333 .0000001296 .0003600000 .0002078460 11468640.000000 11468640.059699 0.059699 0.000001        1.7056440000 .0000000655 .0002559296 .0001477610 11468503.000000 11468640.059699 137.059699 0.001195         
23068672       .0820563334 .0000000035 .0000591607 .0000341564 11534057.000000 11534073.848097 16.848097 0.000146        .0854153333 .0000000592 .0002433105 .0001404753 inf 11534073.848097 inf inf        .1571416667 .0000000774 .0002782085 .0001606237 11534074.000000 11534073.848097 0.151903 0.000001        1.7158133334 .0000000418 .0002044504 .0001180394 11533998.000000 11534073.848097 75.848097 0.000658         
23199744       .0823016666 .0000000631 .0002511971 .0001450287 11599499.000000 11599496.133963 2.866037 0.000025        .0858453334 .0000001085 .0003293933 .0001901753 inf 11599496.133963 inf inf        .1579050000 .0000000826 .0002874021 .0001659316 11599496.000000 11599496.133963 0.133963 0.000001        1.7248940000 .0000000138 .0001174734 .0000678232 11599413.000000 11599496.133963 83.133963 0.000717         
23330816       .0828073333 .0000000560 .0002366431 .0001366259 11665070.000000 11665094.787004 24.787004 0.000212        .0865206666 .0000000719 .0002681417 .0001548116 inf 11665094.787004 inf inf        .1591166667 .0000000094 .0000969535 .0000559761 11665094.000000 11665094.787004 0.787004 0.000007        1.7349290000 .0000002339 .0004836320 .0002792250 11665049.000000 11665094.787004 45.787004 0.000393         
23461888       .0839986667 .0000010826 .0010404806 .0006007217 11730662.000000 11730677.884831 15.884831 0.000135        .0866410000 .0000000178 .0001334166 .0000770281 inf 11730677.884831 inf inf        .1594996666 .0000000069 .0000830662 .0000479582 11730678.000000 11730677.884831 0.115169 0.000001        1.7449983334 .0000009546 .0009770363 .0005640921 11730606.000000 11730677.884831 71.884831 0.000613         
23592960       .0836610000 0 0 0 11796223.000000 11796228.878510 5.878510 0.000050        .0871753333 .0000000376 .0001939071 .0001119523 inf 11796228.878510 inf inf        .1604183333 .0000000386 .0001964688 .0001134313 11796228.000000 11796228.878510 0.878510 0.000007        1.7539413334 .0000000035 .0000591607 .0000341564 11796170.000000 11796228.878510 58.878510 0.000499         
23724032       .0842070000 .0000001713 .0004138840 .0002389560 11861677.000000 11861685.892293 8.892293 0.000075        .0873386667 .0000000901 .0003001666 .0001733012 inf 11861685.892293 inf inf        .1612950000 .0000000115 .0001072380 .0000619138 11861686.000000 11861685.892293 0.107707 0.000001        1.7637716666 .0000000140 .0001183215 .0000683129 11861645.000000 11861685.892293 40.892293 0.000345         
23855104       .0843436666 .0000000035 .0000591607 .0000341564 11927275.000000 11927280.211385 5.211385 0.000044        .0882153333 .0000003097 .0005565069 .0003212994 inf 11927280.211385 inf inf        .1619550000 .0000002859 .0005346961 .0003087069 11927280.000000 11927280.211385 0.211385 0.000002        1.7736703333 .0000000105 .0001024695 .0000591607 11927288.000000 11927280.211385 7.788615 0.000065         
23986176       .0857063333 .0000016422 .0012814835 .0007398648 11992947.000000 11992963.004005 16.004005 0.000133        .0881023333 .0000000939 .0003064310 .0001769180 inf 11992963.004005 inf inf        .1628940000 .0000003571 .0005975784 .0003450120 11992962.000000 11992963.004005 1.004005 0.000008        1.7831903334 .0000000102 .0001009950 .0000583094 11992940.000000 11992963.004005 23.004005 0.000192         
24117248       .0852650000 .0000000034 .0000583095 .0000336650 12058292.000000 12058320.299840 28.299840 0.000235        .0885876667 .0000000038 .0000616441 .0000355902 inf 12058320.299840 inf inf        .1637580000 .0000000429 .0002071231 .0001195825 12058320.000000 12058320.299840 0.299840 0.000002        1.7927510000 .0000000034 .0000583095 .0000336650 12058343.000000 12058320.299840 22.700160 0.000188         
24248320       .0856736666 .0000001080 .0003286335 .0001897366 12123846.000000 12123870.349373 24.349373 0.000201        .0893343333 .0000001437 .0003790778 .0002188606 inf 12123870.349373 inf inf        .1649900000 .0000000786 .0002803569 .0001618641 12123870.000000 12123870.349373 0.349373 0.000003        1.8029910000 .0000001817 .0004262628 .0002461029 12123884.000000 12123870.349373 13.650627 0.000113         
24379392       .0860193333 .0000000104 .0001019803 .0000588783 12189422.000000 12189446.094950 24.094950 0.000198        .0892833334 .0000000504 .0002244994 .0001296147 inf 12189446.094950 inf inf        .1652446666 .0000000686 .0002619160 .0001512172 12189446.000000 12189446.094950 0.094950 0.000001        1.8124116667 .0000000244 .0001562049 .0000901849 12189468.000000 12189446.094950 21.905050 0.000180         
24510464       .0868010000 .0000000245 .0001565247 .0000903695 12254893.000000 12254908.266827 15.266827 0.000125        .0897366666 .0000000230 .0001516575 .0000875594 inf 12254908.266827 inf inf        .1663350000 .0000002808 .0005299056 .0003059411 12254908.000000 12254908.266827 0.266827 0.000002        1.8219690000 .0000000034 .0000583095 .0000336650 12254947.000000 12254908.266827 38.733173 0.000316         
24641536       .0876886666 .0000012623 .0011235212 .0006486652 12320459.000000 12320482.750054 23.750054 0.000193        .0908373334 .0000000616 .0002481934 .0001432945 inf 12320482.750054 inf inf        .1668136666 .0000000151 .0001228820 .0000709459 12320483.000000 12320482.750054 0.249946 0.000002        1.8317310000 0 0 0 12320539.000000 12320482.750054 56.249946 0.000457         
24772608       .0879593334 .0000011471 .0010710275 .0006183580 12386089.000000 12386123.408313 34.408313 0.000278        .0905546666 .0000000205 .0001431782 .0000826639 inf 12386123.408313 inf inf        .1678740000 .0000000688 .0002622975 .0001514375 12386123.000000 12386123.408313 0.408313 0.000003        1.8413566667 .0000000105 .0001024695 .0000591607 12386093.000000 12386123.408313 30.408313 0.000246         
24903680       .0877613334 .0000000394 .0001984943 .0001146007 12451491.000000 12451511.787427 20.787427 0.000167        .0909653333 .0000001365 .0003694590 .0002133072 inf 12451511.787427 inf inf        .1694616666 .0000029771 .0017254274 .0009961759 12451513.000000 12451511.787427 1.212573 0.000010        1.8509860000 .0000000724 .0002690724 .0001553490 12451513.000000 12451511.787427 1.212573 0.000010         
25034752       .0882006666 .0000000664 .0002576819 .0001487727 12516992.000000 12517011.490511 19.490511 0.000156        .0919166666 .0000002073 .0004553020 .0002628687 inf 12517011.490511 inf inf        .1694090000 .0000000046 .0000678232 .0000391577 12517013.000000 12517011.490511 1.509489 0.000012        1.8605740000 .0000000138 .0001174734 .0000678232 12516992.000000 12517011.490511 19.490511 0.000156         
25165824       .0884736666 .0000000418 .0002044504 .0001180394 12582617.000000 12582653.111903 36.111903 0.000287        .0919786667 .0000000522 .0002284731 .0001319090 inf 12582653.111903 inf inf        .1700906666 .0000000394 .0001984943 .0001146007 12582653.000000 12582653.111903 0.111903 0.000001        1.8703350000 .0000000104 .0001019803 .0000588783 12582690.000000 12582653.111903 36.888097 0.000293         
25296896       .0891253333 .0000000031 .0000556776 .0000321454 12648338.000000 12648375.590737 37.590737 0.000297        .0929600000 .0000008010 .0008949860 .0005167204 inf 12648375.590737 inf inf        .1713470000 .0000000155 .0001244989 .0000718794 12648375.000000 12648375.590737 0.590737 0.000005        1.8800640000 0 0 0 12648382.000000 12648375.590737 6.409263 0.000051         
25427968       .0892616666 .0000000247 .0001571623 .0000907376 12713789.000000 12713815.233149 26.233149 0.000206        .0931936667 .0000000723 .0002688865 .0001552416 inf 12713815.233149 inf inf        .1720726667 .0000000908 .0003013303 .0001739731 12713815.000000 12713815.233149 0.233149 0.000002        1.8898263334 .0000000244 .0001562049 .0000901849 12713790.000000 12713815.233149 25.233149 0.000198         
25559040       .0898730000 .0000000034 .0000583095 .0000336650 12779117.000000 12779143.571810 26.571810 0.000208        .0934946667 .0000000189 .0001374772 .0000793724 inf 12779143.571810 inf inf        .1725993333 .0000000553 .0002351595 .0001357694 12779144.000000 12779143.571810 0.428190 0.000003        1.8997933334 .0000000140 .0001183215 .0000683129 12779188.000000 12779143.571810 44.428190 0.000348         
25690112       .0903540000 .0000000242 .0001555634 .0000898145 12844749.000000 12844759.724084 10.724084 0.000083        .0938623333 .0000000413 .0002032240 .0001173314 inf 12844759.724084 inf inf        .1734686666 .0000003454 .0005877074 .0003393130 12844760.000000 12844759.724084 0.275916 0.000002        1.9092480000 .0000000104 .0001019803 .0000588783 12844754.000000 12844759.724084 5.724084 0.000045         
25821184       .0904490000 .0000000252 .0001587450 .0000916514 12910056.000000 12910077.770791 21.770791 0.000169        .0944513333 .0000000298 .0001726267 .0000996660 inf 12910077.770791 inf inf        .1739936666 .0000000477 .0002184032 .0001260951 12910078.000000 12910077.770791 0.229209 0.000002        1.9189420000 .0000001715 .0004141255 .0002390954 12910144.000000 12910077.770791 66.229209 0.000513         
25952256       .0909023334 .0000000148 .0001216552 .0000702376 12975506.000000 12975554.491142 48.491142 0.000374        .0947520000 .0000000508 .0002253885 .0001301281 inf 12975554.491142 inf inf        .1749833333 .0000000322 .0001794435 .0001036017 12975554.000000 12975554.491142 0.491142 0.000004        1.9286026666 .0000000743 .0002725802 .0001573742 12975682.000000 12975554.491142 127.508858 0.000983         
26083328       .0914460000 .0000000724 .0002690724 .0001553490 13041076.000000 13041106.845715 30.845715 0.000237        .0954696667 .0000006551 .0008093824 .0004672971 inf 13041106.845715 inf inf        .1757656666 .0000000684 .0002615339 .0001509966 13041107.000000 13041106.845715 0.154285 0.000001        1.9382950000 .0000000034 .0000583095 .0000336650 13041212.000000 13041106.845715 105.154285 0.000806         
26214400       .0918526666 .0000000314 .0001772004 .0001023066 13106648.000000 13106667.347546 19.347546 0.000148        .0952863334 .0000000712 .0002668332 .0001540562 inf 13106667.347546 inf inf        .1765983333 .0000000329 .0001813835 .0001047218 13106667.000000 13106667.347546 0.347546 0.000003        1.9479553333 .0000000105 .0001024695 .0000591607 13106723.000000 13106667.347546 55.652454 0.000425         
26345472       .0922286667 .0000000873 .0002954657 .0001705872 13172190.000000 13172201.611640 11.611640 0.000088        .0958763333 .0000000646 .0002541653 .0001467424 inf 13172201.611640 inf inf        .1777183334 .0000000058 .0000761577 .0000439696 13172202.000000 13172201.611640 0.388360 0.000003        1.9577880000 0 0 0 13172241.000000 13172201.611640 39.388360 0.000299         
26476544       .0927406666 .0000000873 .0002954657 .0001705872 13237954.000000 13237993.938289 39.938289 0.000302        .0963433334 .0000000467 .0002161018 .0001247664 inf 13237993.938289 inf inf        .1783756666 .0000001041 .0003226453 .0001862793 13237994.000000 13237993.938289 0.061711 0.000000        1.9675136666 .0000000105 .0001024695 .0000591607 13238155.000000 13237993.938289 161.061711 0.001217         
26607616       .0929780000 .0000000101 .0001004987 .0000580229 13303399.000000 13303439.227007 40.227007 0.000302        .0967296666 .0000002242 .0004734976 .0002733739 inf 13303439.227007 inf inf        .1791870000 .0000000050 .0000707106 .0000408247 13303439.000000 13303439.227007 0.227007 0.000002        1.9773153333 .0000001321 .0003634556 .0002098411 13303560.000000 13303439.227007 120.772993 0.000908         
26738688       .0933206666 .0000000140 .0001183215 .0000683129 13368887.000000 13368899.889240 12.889240 0.000096        .0972000000 .0000000834 .0002887905 .0001667332 inf 13368899.889240 inf inf        .1800526667 .0000000973 .0003119294 .0001800925 13368900.000000 13368899.889240 0.110760 0.000001        1.9866986666 .0000000236 .0001536229 .0000886942 13368978.000000 13368899.889240 78.110760 0.000584         
26869760       .0943480000 .0000017018 .0013045305 .0007531710 13434432.000000 13434457.189968 25.189968 0.000188        .0973606666 .0000000205 .0001431782 .0000826639 inf 13434457.189968 inf inf        .1806413333 .0000004087 .0006392964 .0003690979 13434457.000000 13434457.189968 0.189968 0.000001        1.9966613333 .0000000033 .0000574456 .0000331662 13434486.000000 13434457.189968 28.810032 0.000214         
27000832       .0942080000 0 0 0 13499928.000000 13499957.428954 29.428954 0.000218        .0975050000 .0000000294 .0001714642 .0000989949 inf 13499957.428954 inf inf        .1814433334 .0000000543 .0002330236 .0001345362 13499957.000000 13499957.428954 0.428954 0.000003        2.0063230000 .0000000420 .0002049390 .0001183215 13500142.000000 13499957.428954 184.571046 0.001367         
27131904       .0945823333 .0000000034 .0000583095 .0000336650 13565575.000000 13565606.164778 31.164778 0.000230        .0992456667 .0000023083 .0015193090 .0008771734 inf 13565606.164778 inf inf        .1821813333 .0000001902 .0004361192 .0002517935 13565606.000000 13565606.164778 0.164778 0.000001        2.0157463333 .0000000111 .0001053565 .0000608276 13565687.000000 13565606.164778 80.835222 0.000596         
27262976       .0950956666 .0000000035 .0000591607 .0000341564 13631192.000000 13631218.139953 26.139953 0.000192        .0984746666 .0000001626 .0004032369 .0002328089 inf 13631218.139953 inf inf        .1829323334 .0000001163 .0003410278 .0001968924 13631218.000000 13631218.139953 0.139953 0.000001        2.0254763334 .0000000720 .0002683281 .0001549193 13631221.000000 13631218.139953 2.860047 0.000021         
27394048       .0954700000 .0000000035 .0000591607 .0000341564 13696765.000000 13696793.524355 28.524355 0.000208        .0992140000 .0000000232 .0001523154 .0000879393 inf 13696793.524355 inf inf        .1838410000 .0000001025 .0003201562 .0001848422 13696794.000000 13696793.524355 0.475645 0.000003        2.0351030000 0 0 0 13696819.000000 13696793.524355 25.475645 0.000186         
27525120       .0957096666 .0000000244 .0001562049 .0000901849 13762175.000000 13762202.915714 27.915714 0.000203        .0994346666 .0000000575 .0002397915 .0001384436 inf 13762202.915714 inf inf        .1848000000 .0000000743 .0002725802 .0001573742 13762203.000000 13762202.915714 0.084286 0.000001        2.0449620000 .0000000138 .0001174734 .0000678232 13762164.000000 13762202.915714 38.915714 0.000283         
27656192       .0964973333 .0000000674 .0002596150 .0001498887 13827729.000000 13827776.502515 47.502515 0.000344        .1000233333 .0000000267 .0001634013 .0000943397 inf 13827776.502515 inf inf        .1856233334 .0000000055 .0000741619 .0000428173 13827777.000000 13827776.502515 0.497485 0.000004        2.0546156667 .0000000041 .0000640312 .0000369684 13827789.000000 13827776.502515 12.497485 0.000090         
27787264       .0964606666 .0000000105 .0001024695 .0000591607 13893284.000000 13893309.432073 25.432073 0.000183        .1001833333 .0000000386 .0001964688 .0001134313 inf 13893309.432073 inf inf        .1862903333 .0000000199 .0001410673 .0000814452 13893310.000000 13893309.432073 0.567927 0.000004        2.0644863334 .0000000105 .0001024695 .0000591607 13893282.000000 13893309.432073 27.432073 0.000197         
27918336       .0968733334 0 0 0 13958802.000000 13958828.993121 26.993121 0.000193        .1008780000 .0000000158 .0001256980 .0000725717 inf 13958828.993121 inf inf        .1873823333 .0000000292 .0001708800 .0000986576 13958829.000000 13958828.993121 0.006879 0.000000        2.0740390000 .0000000026 .0000509901 .0000294391 13958827.000000 13958828.993121 1.993121 0.000014         
28049408       .0976573334 .0000006932 .0008325863 .0004806939 14024369.000000 14024402.987097 33.987097 0.000242        .1009706666 .0000000327 .0001808314 .0001044030 inf 14024402.987097 inf inf        .1880290000 .0000000911 .0003018277 .0001742603 14024403.000000 14024402.987097 0.012903 0.000000        2.0838370000 .0000000095 .0000974679 .0000562731 14024402.000000 14024402.987097 0.987097 0.000007         
28180480       .0981303333 .0000002576 .0005075431 .0002930301 14090068.000000 14090090.638021 22.638021 0.000161        .1011026666 .0000000188 .0001371130 .0000791622 inf 14090090.638021 inf inf        .1888043333 .0000000890 .0002983286 .0001722400 14090090.000000 14090090.638021 0.638021 0.000005        2.0941566667 .0000007899 .0008887631 .0005131276 14089992.000000 14090090.638021 98.638021 0.000700         
28311552       .0983713334 .0000000142 .0001191637 .0000687991 14155597.000000 14155630.831216 33.831216 0.000239        .1019586667 .0000000487 .0002206807 .0001274100 inf 14155630.831216 inf inf        .1895380000 .0000001075 .0003278719 .0001892969 14155630.000000 14155630.831216 0.831216 0.000006        2.1030550000 .0000000144 .0001200000 .0000692820 14155593.000000 14155630.831216 37.831216 0.000267         
28442624       .0987806667 .0000002348 .0004845616 .0002797617 14221134.000000 14221171.290077 37.290077 0.000262        .1021716666 .0000001252 .0003538361 .0002042873 inf 14221171.290077 inf inf        .1902923333 .0000000172 .0001311487 .0000757187 14221171.000000 14221171.290077 0.290077 0.000002        2.1128180000 .0000000386 .0001964688 .0001134313 14221151.000000 14221171.290077 20.290077 0.000143         
28573696       .0991230000 .0000000420 .0002049390 .0001183215 14286561.000000 14286613.208273 52.208273 0.000365        .1026060000 .0000000736 .0002712931 .0001566311 inf 14286613.208273 inf inf        .1910560000 .0000001476 .0003841874 .0002218106 14286612.000000 14286613.208273 1.208273 0.000008        2.1225130000 .0000000034 .0000583095 .0000336650 14286690.000000 14286613.208273 76.791727 0.000538         
28704768       .0995326666 .0000000314 .0001772004 .0001023066 14352092.000000 14352119.167115 27.167115 0.000189        .1028086667 .0000000103 .0001014889 .0000585946 inf 14352119.167115 inf inf        .1921290000 .0000000081 .0000900000 .0000519615 14352118.000000 14352119.167115 1.167115 0.000008        2.1324413334 .0000000237 .0001539480 .0000888819 14352201.000000 14352119.167115 81.832885 0.000570         
28835840       .0998830000 .0000001834 .0004282522 .0002472515 14417715.000000 14417735.124370 20.124370 0.000140        .1036800000 .0000000583 .0002414539 .0001394034 inf 14417735.124370 inf inf        .1925303333 .0000000205 .0001431782 .0000826639 14417734.000000 14417735.124370 1.124370 0.000008        2.1419350000 .0000000034 .0000583095 .0000336650 14417706.000000 14417735.124370 29.124370 0.000202         
28966912       .1002486666 .0000000412 .0002029778 .0001171892 14483333.000000 14483357.383035 24.383035 0.000168        .1039863333 .0000000850 .0002915475 .0001683250 inf 14483357.383035 inf inf        .1936896666 .0000000067 .0000818535 .0000472581 14483357.000000 14483357.383035 0.383035 0.000003        2.1516630000 .0000000034 .0000583095 .0000336650 14483324.000000 14483357.383035 33.383035 0.000230         
29097984       .1005940000 .0000000126 .0001122497 .0000648073 14548947.000000 14548978.553384 31.553384 0.000217        .1043850000 .0000000126 .0001122497 .0000648073 inf 14548978.553384 inf inf        .1942846666 .0000001450 .0003807886 .0002198484 14548978.000000 14548978.553384 0.553384 0.000004        2.1612883334 .0000000035 .0000591607 .0000341564 14549019.000000 14548978.553384 40.446616 0.000278         
29229056       .1011060000 .0000000547 .0002338803 .0001350308 14614254.000000 14614269.289533 15.289533 0.000105        .1048110000 .0000000565 .0002376972 .0001372345 inf 14614269.289533 inf inf        .1952843334 .0000001153 .0003395585 .0001960441 14614269.000000 14614269.289533 0.289533 0.000002        2.1709483334 .0000000244 .0001562049 .0000901849 14614203.000000 14614269.289533 66.289533 0.000454         
29360128       .1017546666 .0000000858 .0002929163 .0001691153 14679769.000000 14679815.275189 46.275189 0.000315        .1048513333 .0000000663 .0002574878 .0001486606 inf 14679815.275189 inf inf        .1966090000 .0000012950 .0011379806 .0006570134 14679815.000000 14679815.275189 0.275189 0.000002        2.1808810000 .0000000034 .0000583095 .0000336650 14679729.000000 14679815.275189 86.275189 0.000588         
29491200       .1018560000 .0000000033 .0000574456 .0000331662 14745357.000000 14745411.819642 54.819642 0.000372        .1052223334 .0000000119 .0001090871 .0000629814 inf 14745411.819642 inf inf        .1968310000 .0000000440 .0002097617 .0001211059 14745411.000000 14745411.819642 0.819642 0.000006        2.1903713334 .0000000034 .0000583095 .0000336650 14745415.000000 14745411.819642 3.180358 0.000022         
29622272       .1022636667 .0000000035 .0000591607 .0000341564 14810808.000000 14810844.452453 36.452453 0.000246        .1059843333 .0000000180 .0001341640 .0000774596 inf 14810844.452453 inf inf        .1983743333 .0000000849 .0002913760 .0001682260 14810844.000000 14810844.452453 0.452453 0.000003        2.2003713334 .0000003877 .0006226556 .0003594903 14810809.000000 14810844.452453 35.452453 0.000239         
29753344       .1028096667 .0000000105 .0001024695 .0000591607 14876424.000000 14876439.580798 15.580798 0.000105        .1063863334 .0000001106 .0003325657 .0001920068 inf 14876439.580798 inf inf        .1983946666 .0000001726 .0004154515 .0002398610 14876439.000000 14876439.580798 0.580798 0.000004        2.2102706667 .0000008615 .0009281702 .0005358793 14876395.000000 14876439.580798 44.580798 0.000300         
29884416       .1030816667 .0000000457 .0002137755 .0001234233 14941783.000000 14941808.449920 25.449920 0.000170        .1064013333 .0000000618 .0002485960 .0001435269 inf 14941808.449920 inf inf        .1994986666 .0000000457 .0002137755 .0001234233 14941808.000000 14941808.449920 0.449920 0.000003        2.2195510000 .0000000132 .0001148912 .0000663324 14941752.000000 14941808.449920 56.449920 0.000378         
30015488       .1035276667 .0000000105 .0001024695 .0000591607 15007378.000000 15007411.170763 33.170763 0.000221        .1070613333 .0000000334 .0001827566 .0001055145 inf 15007411.170763 inf inf        .1998786666 .0000000481 .0002193171 .0001266227 15007411.000000 15007411.170763 0.170763 0.000001        2.2293166666 .0000000035 .0000591607 .0000341564 15007351.000000 15007411.170763 60.170763 0.000401         
30146560       .1038340000 0 0 0 15072893.000000 15072924.725077 31.725077 0.000210        .1077213334 .0000001017 .0003189043 .0001841194 inf 15072924.725077 inf inf        .2009290000 .0000000815 .0002854820 .0001648231 15072925.000000 15072924.725077 0.274923 0.000002        2.2389416666 .0000000244 .0001562049 .0000901849 15072998.000000 15072924.725077 73.274923 0.000486         
30277632       .1045843334 .0000000035 .0000591607 .0000341564 15138335.000000 15138367.829924 32.829924 0.000217        .1080940000 .0000000774 .0002782085 .0001606237 inf 15138367.829924 inf inf        .2018713333 .0000000128 .0001131370 .0000653196 15138368.000000 15138367.829924 0.170076 0.000001        2.2487680000 .0000000989 .0003144837 .0001815672 15138262.000000 15138367.829924 105.829924 0.000699         
30408704       .1046516667 .0000000102 .0001009950 .0000583094 15203904.000000 15203935.073761 31.073761 0.000204        .1085366667 .0000000501 .0002238302 .0001292284 inf 15203935.073761 inf inf        .2024790000 .0000000048 .0000692820 .0000399999 15203936.000000 15203935.073761 0.926239 0.000006        2.2584640000 .0000000253 .0001590597 .0000918331 15203897.000000 15203935.073761 38.073761 0.000250         
30539776       .1053023334 .0000002544 .0005043808 .0002912043 15269474.000000 15269495.583086 21.583086 0.000141        .1089653333 .0000003617 .0006014149 .0003472270 inf 15269495.583086 inf inf        .2035190000 .0000000527 .0002295648 .0001325392 15269496.000000 15269495.583086 0.416914 0.000003        2.2681266666 .0000000549 .0002343074 .0001352774 15269464.000000 15269495.583086 31.583086 0.000207         
30670848       .1056430000 .0000002235 .0004727578 .0002729468 15335132.000000 15335153.644578 21.644578 0.000141        .1090153333 .0000000327 .0001808314 .0001044030 inf 15335153.644578 inf inf        