8192       .0134516666 .0000000314 .0001772004 .0001023066 -27.234375 -27.224982 0.009393 0.034500        .0144193333 .0000000161 .0001268857 .0000732574 -27.234375 -27.224982 0.009393 0.034500        .0141343333 .0000002262 .0004756048 .0002745905 -27.234375 -27.224982 0.009393 0.034500        .0151640000 .0000000363 .0001905255 .0001099999 -27.234375 -27.224982 0.009393 0.034500         
16384       .0132956666 .0000000095 .0000974679 .0000562731 -105.812500 -105.854889 0.042389 0.040044        .0142923333 .0000000029 .0000538516 .0000310912 -105.812500 -105.854889 0.042389 0.040044        .0140620000 .0000000396 .0001989974 .0001148912 -105.812500 -105.854889 0.042389 0.040044        .0154270000 .0000002874 .0005360970 .0003095157 -105.812500 -105.854889 0.042389 0.040044         
24576       .0132073334 .0000000072 .0000848528 .0000489897 -144.875000 -144.951656 0.076656 0.052884        .0144756667 .0000000005 .0000223606 .0000129098 -144.875000 -144.951656 0.076656 0.052884        .0140803333 .0000001052 .0003243454 .0001872609 -144.875000 -144.951656 0.076656 0.052884        .0152793333 .0000000094 .0000969535 .0000559761 -144.875000 -144.951656 0.076656 0.052884         
32768       .0136993334 .0000000371 .0001926136 .0001112055 -99.875000 -99.856432 0.018568 0.018595        .0146370000 .0000001153 .0003395585 .0001960441 -99.875000 -99.856432 0.018568 0.018595        .0138976667 .0000000358 .0001892088 .0001092397 -99.875000 -99.856432 0.018568 0.018595        .0155190000 .0000000928 .0003046309 .0001758787 -99.875000 -99.856432 0.018568 0.018595         
40960       .0133600000 .0000000004 .0000200000 .0000115470 -2.734375 -2.768657 0.034282 1.238221        .0143626666 .0000000052 .0000721110 .0000416333 -2.734375 -2.768657 0.034282 1.238221        .0139840000 .0000000064 .0000800000 .0000461880 -2.734375 -2.768657 0.034282 1.238221        .0154540000 .0000000453 .0002128379 .0001228820 -2.734375 -2.768657 0.034282 1.238221         
49152       .0135106666 .0000000006 .0000244948 .0000141420 15.468750 15.484040 0.015290 0.098749        .0155673333 .0000030166 .0017368362 .0010027628 15.468750 15.484040 0.015290 0.098749        .0141263334 .0000000287 .0001694107 .0000978093 15.468750 15.484040 0.015290 0.098749        .0155403334 .0000001205 .0003471310 .0002004161 15.468750 15.484040 0.015290 0.098749         
57344       .0133603334 .0000000109 .0001044030 .0000602771 25.343750 25.346160 0.002410 0.009507        .0145593334 .0000000139 .0001178982 .0000680685 25.343750 25.346160 0.002410 0.009507        .0141186666 .0000000402 .0002004993 .0001157583 25.343750 25.346160 0.002410 0.009507        .0153680000 .0000000240 .0001549193 .0000894426 25.343750 25.346160 0.002410 0.009507         
65536       .0170933334 .0000000059 .0000768114 .0000443470 168.750000 168.795481 0.045481 0.026945        .0188053334 .0000000903 .0003004995 .0001734934 168.750000 168.795481 0.045481 0.026945        .0189830000 .0000000151 .0001228820 .0000709459 168.750000 168.795481 0.045481 0.026945        .0213616667 .0000002170 .0004658325 .0002689485 168.750000 168.795481 0.045481 0.026945         
73728       .0173783334 .0000000311 .0001763519 .0001018168 168.750000 199.728352 30.978352 15.510242        .0191226666 .0000000404 .0002009975 .0001160459 199.750000 199.728352 0.021648 0.010839        .0191526666 .0000000182 .0001349073 .0000778887 199.750000 199.728352 0.021648 0.010839        .0213106667 .0000000101 .0001004987 .0000580229 199.750000 199.728352 0.021648 0.010839         
81920       .0173060000 .0000000167 .0001292284 .0000746100 168.750000 118.450070 50.299930 42.465091        .0190553334 .0000000734 .0002709243 .0001564182 118.437500 118.450070 0.012570 0.010612        .0192410000 .0000000065 .0000806225 .0000465474 118.437500 118.450070 0.012570 0.010612        .0214150000 .0000000036 .0000600000 .0000346410 118.437500 118.450070 0.012570 0.010612         
90112       .0176393334 .0000000013 .0000360555 .0000208166 168.750000 39.338295 129.411705 328.971308        .0188860000 .0000000106 .0001029563 .0000594418 39.250000 39.338295 0.088295 0.224451        .0193163333 .0000000923 .0003038091 .0001754042 39.250000 39.338295 0.088295 0.224451        .0214770000 .0000000491 .0002215851 .0001279322 39.250000 39.338295 0.088295 0.224451         
98304       .0177010000 .0000000807 .0002840774 .0001640121 168.750000 94.477357 74.272643 78.614225        .0191413334 .0000001085 .0003293933 .0001901753 94.500000 94.477357 0.022643 0.023966        .0192356666 .0000000141 .0001187434 .0000685565 94.500000 94.477357 0.022643 0.023966        .0214286666 .0000000055 .0000741619 .0000428173 94.500000 94.477357 0.022643 0.023966         
106496       .0178516667 .0000000890 .0002983286 .0001722400 168.750000 -1.233814 169.983814 13777.103123        .0192600000 .0000001188 .0003446737 .0001989974 -1.500000 -1.233814 0.266186 21.574250        .0191683334 .0000000030 .0000547722 .0000316227 -1.500000 -1.233814 0.266186 21.574250        .0214070000 .0000000008 .0000282842 .0000163298 -1.500000 -1.233814 0.266186 21.574250         
114688       .0176173334 .0000000031 .0000556776 .0000321454 168.750000 -95.546810 264.296810 276.615002        .0190876667 .0000000105 .0001024695 .0000591607 -95.750000 -95.546810 0.203190 0.212660        .0195070000 0 0 0 -95.750000 -95.546810 0.203190 0.212660        .0214580000 .0000000310 .0001760681 .0001016529 -95.750000 -95.546810 0.203190 0.212660         
122880       .0178833334 .0000000291 .0001705872 .0000984885 168.750000 -77.445802 246.195802 317.894316        .0192493333 .0000000691 .0002628687 .0001517673 -77.625000 -77.445802 0.179198 0.231385        .0192680000 .0000000015 .0000387298 .0000223606 -77.625000 -77.445802 0.179198 0.231385        .0215143334 .0000001074 .0003277193 .0001892088 -77.625000 -77.445802 0.179198 0.231385         
131072       .0178170000 .0000000477 .0002184032 .0001260951 -124.750000 -124.674952 0.075048 0.060195        .0189776667 .0000000302 .0001737814 .0001003327 -124.750000 -124.674952 0.075048 0.060195        .0195553333 .0000000797 .0002823118 .0001629927 -124.750000 -124.674952 0.075048 0.060195        .0214210000 .0000000614 .0002477902 .0001430617 -124.750000 -124.674952 0.075048 0.060195         
139264       .0177763334 .0000000084 .0000916515 .0000529150 -124.750000 -233.050416 108.300416 46.470810        .0194453333 .0000000300 .0001732050 .0000999999 -124.750000 -233.050416 108.300416 46.470810        .0202353334 .0000017840 .0013356646 .0007711463 -233.125000 -233.050416 0.074584 0.032003        .0215550000 .0000000572 .0002391652 .0001380820 -233.125000 -233.050416 0.074584 0.032003         
147456       .0179000000 .0000000911 .0003018277 .0001742603 -124.750000 -200.750995 76.000995 37.858340        .0193000000 .0000000192 .0001385640 .0000799999 -124.750000 -200.750995 76.000995 37.858340        .0197170000 .0000002791 .0005282991 .0003050136 -201.000000 -200.750995 0.249005 0.124037        .0215310000 .0000000030 .0000547722 .0000316227 -201.000000 -200.750995 0.249005 0.124037         
155648       .0180370000 .0000000457 .0002137755 .0001234233 -124.750000 -223.947740 99.197740 44.295040        .0192626666 .0000000213 .0001459451 .0000842614 -124.750000 -223.947740 99.197740 44.295040        .0194826666 .0000000113 .0001063014 .0000613731 -224.000000 -223.947740 0.052260 0.023336        .0214473333 .0000000392 .0001979898 .0001143094 -224.000000 -223.947740 0.052260 0.023336         
163840       .0179620000 .0000000027 .0000519615 .0000299999 -124.750000 -388.223489 263.473489 67.866447        .0202756667 .0000041117 .0020277327 .0011707120 -124.750000 -388.223489 263.473489 67.866447        .0196123333 .0000000063 .0000793725 .0000458257 -388.250000 -388.223489 0.026511 0.006829        .0216356666 .0000000763 .0002762245 .0001594782 -388.250000 -388.223489 0.026511 0.006829         
172032       .0192703334 .0000000070 .0000836660 .0000483045 -124.750000 -590.863823 466.113823 78.886844        .0201333334 .0000000532 .0002306512 .0001331665 -124.750000 -590.863823 466.113823 78.886844        .0194723333 .0000000041 .0000640312 .0000369684 -591.000000 -590.863823 0.136177 0.023047        .0217216667 .0000000935 .0003057776 .0001765407 -591.000000 -590.863823 0.136177 0.023047         
180224       .0194023333 .0000000157 .0001252996 .0000723417 -124.750000 -644.477866 519.727866 80.643245        .0203700000 .0000000671 .0002590366 .0001495548 -124.750000 -644.477866 519.727866 80.643245        .0197116667 .0000001567 .0003958535 .0002285461 -645.000000 -644.477866 0.522134 0.081017        .0215173333 .0000000095 .0000974679 .0000562731 -645.000000 -644.477866 0.522134 0.081017         
188416       .0194210000 .0000000047 .0000685565 .0000395811 -124.750000 -631.171308 506.421308 80.235160        .0202006667 .0000000164 .0001280624 .0000739368 -124.750000 -631.171308 506.421308 80.235160        .0205743333 .0000017121 .0013084723 .0007554468 -631.500000 -631.171308 0.328692 0.052077        .0215386667 .0000000002 .0000141421 .0000081649 -631.500000 -631.171308 0.328692 0.052077         
196608       .0192570000 .0000000010 .0000316227 .0000182573 -840.500000 -840.752564 0.252564 0.030040        .0204453333 .0000000646 .0002541653 .0001467424 -840.500000 -840.752564 0.252564 0.030040        .0195533333 .0000000004 .0000200000 .0000115470 -840.500000 -840.752564 0.252564 0.030040        .0214586667 .0000000207 .0001438749 .0000830662 -840.500000 -840.752564 0.252564 0.030040         
204800       .0196656667 .0000000270 .0001643167 .0000948682 -840.500000 -857.363858 16.863858 1.966943        .0201926666 .0000000073 .0000854400 .0000493288 -840.500000 -857.363858 16.863858 1.966943        .0198803333 .0000000060 .0000774596 .0000447213 -840.500000 -857.363858 16.863858 1.966943        .0215553334 .0000000005 .0000223606 .0000129098 -857.000000 -857.363858 0.363858 0.042439         
212992       .0212863334 .0000000725 .0002692582 .0001554562 -840.500000 -834.511220 5.988780 0.717639        .0221680000 .0000001977 .0004446346 .0002567099 -840.500000 -834.511220 5.988780 0.717639        .0214126667 .0000000201 .0001417744 .0000818534 -840.500000 -834.511220 5.988780 0.717639        .0236863334 .0000000808 .0002842534 .0001641137 -834.000000 -834.511220 0.511220 0.061260         
221184       .0213480000 .0000000370 .0001923538 .0001110555 -840.500000 -891.667070 51.167070 5.738360        .0224043334 .0000008789 .0009374966 .0005412639 -840.500000 -891.667070 51.167070 5.738360        .0218130000 .0000000280 .0001673320 .0000966091 -840.500000 -891.667070 51.167070 5.738360        .0243986667 .0000018323 .0013536247 .0007815155 -891.500000 -891.667070 0.167070 0.018737         
229376       .0226006667 .0000039917 .0019979239 .0011535019 -840.500000 -837.920355 2.579645 0.307863        .0231916667 .0000022233 .0014910734 .0008608716 -840.500000 -837.920355 2.579645 0.307863        .0220200000 .0000014933 .0012220065 .0007055257 -840.500000 -837.920355 2.579645 0.307863        .0236730000 .0000000740 .0002720294 .0001570562 -838.000000 -837.920355 0.079645 0.009505         
237568       .0220146667 .0000002148 .0004634652 .0002675817 -840.500000 -864.831603 24.331603 2.813450        .0230196667 .0000019045 .0013800362 .0007967642 -840.500000 -864.831603 24.331603 2.813450        .0221596667 .0000004864 .0006974238 .0004026578 -840.500000 -864.831603 24.331603 2.813450        .0244066667 .0000003607 .0006005830 .0003467467 -865.000000 -864.831603 0.168397 0.019472         
245760       .0217403334 .0000000824 .0002870540 .0001657307 -840.500000 -1054.544087 214.044087 20.297310        .0220063333 .0000000250 .0001581138 .0000912870 -840.500000 -1054.544087 214.044087 20.297310        .0224393333 .0000001146 .0003385262 .0001954481 -840.500000 -1054.544087 214.044087 20.297310        .0237296666 .0000000111 .0001053565 .0000608276 -1054.000000 -1054.544087 0.544087 0.051595         
253952       .0221973333 .0000001180 .0003435112 .0001983262 -840.500000 -1005.550540 165.050540 16.413948        .0222243334 .0000000374 .0001933907 .0001116541 -840.500000 -1005.550540 165.050540 16.413948        .0234743334 .0000000596 .0002441311 .0001409491 -840.500000 -1005.550540 165.050540 16.413948        .0244900000 .0000003310 .0005753259 .0003321645 -1005.500000 -1005.550540 0.050540 0.005026         
262144       .0223963333 .0000000935 .0003057776 .0001765407 -944.000000 -944.171557 0.171557 0.018170        .0221460000 .0000000067 .0000818535 .0000472581 -944.000000 -944.171557 0.171557 0.018170        .0235653334 .0000001600 .0004000000 .0002309401 -944.000000 -944.171557 0.171557 0.018170        .0251646667 .0000035707 .0018896295 .0010909781 -944.000000 -944.171557 0.171557 0.018170         
270336       .0225413334 .0000000494 .0002222611 .0001283225 -944.000000 -780.712873 163.287127 20.915132        .0231006666 .0000002775 .0005267826 .0003041380 -944.000000 -780.712873 163.287127 20.915132        .0235223333 .0000000260 .0001612451 .0000930949 -944.000000 -780.712873 163.287127 20.915132        .0238960000 .0000000071 .0000842614 .0000486483 -944.000000 -780.712873 163.287127 20.915132         
278528       .0225896666 .0000000297 .0001723368 .0000994986 -944.000000 -857.972970 86.027030 10.026776        .0225976667 .0000000429 .0002071231 .0001195825 -944.000000 -857.972970 86.027030 10.026776        .0236943333 .0000000087 .0000932737 .0000538515 -944.000000 -857.972970 86.027030 10.026776        .0249226667 .0000029265 .0017107016 .0009876740 -944.000000 -857.972970 86.027030 10.026776         
286720       .0228963333 .0000000912 .0003019933 .0001743559 -944.000000 -867.514077 76.485923 8.816678        .0241006667 .0000037936 .0019477166 .0011245147 -944.000000 -867.514077 76.485923 8.816678        .0245920000 .0000031707 .0017806459 .0010280563 -944.000000 -867.514077 76.485923 8.816678        .0249603334 .0000001123 .0003351119 .0001934769 -944.000000 -867.514077 76.485923 8.816678         
294912       .0242343334 .0000051376 .0022666274 .0013086379 -944.000000 -834.288409 109.711591 13.150319        .0227456667 .0000000390 .0001974841 .0001140174 -944.000000 -834.288409 109.711591 13.150319        .0242643334 .0000005704 .0007552483 .0004360428 -944.000000 -834.288409 109.711591 13.150319        .0255140000 .0000004653 .0006821290 .0003938273 -944.000000 -834.288409 109.711591 13.150319         
303104       .0241703334 .0000039435 .0019858247 .0011465164 -944.000000 -776.470274 167.529726 21.575807        .0230493333 .0000000581 .0002410394 .0001391641 -944.000000 -776.470274 167.529726 21.575807        .0240920000 .0000001206 .0003472751 .0002004993 -944.000000 -776.470274 167.529726 21.575807        .0256806667 .0000013815 .0011753722 .0006786014 -944.000000 -776.470274 167.529726 21.575807         
311296       .0236056666 .0000001128 .0003358571 .0001939071 -944.000000 -928.627052 15.372948 1.655449        .0242346667 .0000020574 .0014343639 .0008281303 -944.000000 -928.627052 15.372948 1.655449        .0240790000 .0000000607 .0002463736 .0001422438 -944.000000 -928.627052 15.372948 1.655449        .0247853334 .0000000503 .0002242766 .0001294861 -944.000000 -928.627052 15.372948 1.655449         
319488       .0238500000 .0000001173 .0003424908 .0001977371 -944.000000 -902.533524 41.466476 4.594453        .0233853334 .0000001026 .0003203123 .0001849323 -944.000000 -902.533524 41.466476 4.594453        .0242666666 .0000000920 .0003033150 .0001751189 -944.000000 -902.533524 41.466476 4.594453        .0261000000 .0000004208 .0006486909 .0003745218 -944.000000 -902.533524 41.466476 4.594453         
327680       .0242293333 .0000001175 .0003427827 .0001979056 -790.000000 -789.559139 0.440861 0.055836        .0239763333 .0000000552 .0002349468 .0001356465 -790.000000 -789.559139 0.440861 0.055836        .0244150000 .0000001113 .0003336165 .0001926135 -790.000000 -789.559139 0.440861 0.055836        .0259226667 .0000002392 .0004890807 .0002823708 -790.000000 -789.559139 0.440861 0.055836         
335872       .0252536666 .0000000943 .0003070830 .0001772944 -790.000000 -852.181366 62.181366 7.296729        .0270646667 .0000002996 .0005473572 .0003160168 -790.000000 -852.181366 62.181366 7.296729        .0245730000 .0000000359 .0001894729 .0001093922 -790.000000 -852.181366 62.181366 7.296729        .0272286666 .0000000777 .0002787471 .0001609347 -790.000000 -852.181366 62.181366 7.296729         
344064       .0257290000 .0000000847 .0002910326 .0001680277 -790.000000 -873.899221 83.899221 9.600560        .0276263334 .0000001286 .0003586084 .0002070426 -810.000000 -873.899221 63.899221 7.311967        .0248663333 .0000000720 .0002683281 .0001549193 -790.000000 -873.899221 83.899221 9.600560        .0273870000 .0000001140 .0003376388 .0001949358 -790.000000 -873.899221 83.899221 9.600560         
352256       .0258390000 .0000002691 .0005187484 .0002994995 -790.000000 -957.984951 167.984951 17.535239        .0280186667 .0000019503 .0013965314 .0008062877 -790.000000 -957.984951 167.984951 17.535239        .0249306667 .0000000180 .0001341640 .0000774596 -790.000000 -957.984951 167.984951 17.535239        .0278873334 .0000001227 .0003502855 .0002022374 -790.000000 -957.984951 167.984951 17.535239         
360448       .0273710000 .0000022065 .0014854292 .0008576129 -790.000000 -716.078275 73.921725 10.323135        .0285000000 .0000003392 .0005824087 .0003362538 -815.000000 -716.078275 98.921725 13.814373        .0251403334 .0000000394 .0001984943 .0001146007 -790.000000 -716.078275 73.921725 10.323135        .0282066666 .0000001093 .0003306055 .0001908751 -790.000000 -716.078275 73.921725 10.323135         
368640       .0269600000 .0000000418 .0002044504 .0001180394 -783.500000 -767.306331 16.193669 2.110457        .0284003333 .0000000280 .0001673320 .0000966091 -790.000000 -767.306331 22.693669 2.957576        .0257370000 .0000001348 .0003671511 .0002119747 -790.000000 -767.306331 22.693669 2.957576        .0282070000 .0000002879 .0005365631 .0003097848 -790.000000 -767.306331 22.693669 2.957576         
376832       .0270270000 .0000002128 .0004613025 .0002663331 -790.000000 -742.738715 47.261285 6.363110        .0284733333 .0000002204 .0004694677 .0002710473 -790.000000 -742.738715 47.261285 6.363110        .0261320000 .0000002153 .0004640043 .0002678930 -790.000000 -742.738715 47.261285 6.363110        .0289463334 .0000031981 .0017883232 .0010324888 -814.000000 -742.738715 71.261285 9.594395         
385024       .0277553334 .0000000287 .0001694107 .0000978093 -790.000000 -849.909034 59.909034 7.048876        .0289730000 .0000000917 .0003028200 .0001748332 -790.000000 -849.909034 59.909034 7.048876        .0267050000 .0000005965 .0007723341 .0004459073 -790.000000 -849.909034 59.909034 7.048876        .0282956666 .0000000717 .0002677685 .0001545962 -790.000000 -849.909034 59.909034 7.048876         
393216       .0295400000 .0000052553 .0022924441 .0013235432 -873.000000 -872.385964 0.614036 0.070386        .0296986667 .0000000102 .0001009950 .0000583094 -873.000000 -872.385964 0.614036 0.070386        .0270620000 .0000003258 .0005707889 .0003295451 -873.000000 -872.385964 0.614036 0.070386        .0284246667 .0000001045 .0003232645 .0001866368 -873.000000 -872.385964 0.614036 0.070386         
401408       .0288763334 .0000000079 .0000888819 .0000513159 -873.000000 -840.863716 32.136284 3.821818        .0297066667 .0000003253 .0005703507 .0003292921 -873.000000 -840.863716 32.136284 3.821818        .0280593334 .0000000159 .0001260952 .0000728010 -873.000000 -840.863716 32.136284 3.821818        .0294380000 .0000000461 .0002147091 .0001239623 -873.000000 -840.863716 32.136284 3.821818         
409600       .0292420000 .0000001649 .0004060788 .0002344497 -873.000000 -940.720264 67.720264 7.198767        .0301716667 .0000001766 .0004202380 .0002426245 -873.000000 -940.720264 67.720264 7.198767        .0288923334 .0000039398 .0019848929 .0011459784 -873.000000 -940.720264 67.720264 7.198767        .0292793334 .0000001731 .0004160528 .0002402081 -873.000000 -940.720264 67.720264 7.198767         
417792       .0306906667 .0000007380 .0008590692 .0004959838 -873.000000 -918.485220 45.485220 4.952199        .0319156667 .0000034112 .0018469434 .0010663332 -873.000000 -918.485220 45.485220 4.952199        .0282096666 .0000000708 .0002660826 .0001536228 -873.000000 -918.485220 45.485220 4.952199        .0302790000 .0000010496 .0010244998 .0005914952 -867.000000 -918.485220 51.485220 5.605449         
425984       .0307333333 .0000000934 .0003056141 .0001764463 -873.000000 -919.672150 46.672150 5.074868        .0314296667 .0000003539 .0005948949 .0003434627 -888.000000 -919.672150 31.672150 3.443852        .0288440000 .0000000890 .0002983286 .0001722400 -873.000000 -919.672150 46.672150 5.074868        .0305320000 .0000005654 .0007519308 .0004341274 -873.000000 -919.672150 46.672150 5.074868         
434176       .0308006667 .0000000495 .0002224859 .0001284522 -873.000000 -726.148784 146.851216 20.223296        .0320210000 .0000002455 .0004954795 .0002860652 -873.000000 -726.148784 146.851216 20.223296        .0306526667 .0000031887 .0017856931 .0010309703 -873.000000 -726.148784 146.851216 20.223296        .0314400000 .0000000513 .0002264950 .0001307669 -873.000000 -726.148784 146.851216 20.223296         
442368       .0309806667 .0000001551 .0003938273 .0002273762 -873.000000 -792.106224 80.893776 10.212491        .0319106666 .0000001731 .0004160528 .0002402081 -873.000000 -792.106224 80.893776 10.212491        .0312226667 .0000048919 .0022117640 .0012769625 -873.000000 -792.106224 80.893776 10.212491        .0314670000 .0000000270 .0001643167 .0000948682 -873.000000 -792.106224 80.893776 10.212491         
450560       .0313330000 .0000001719 .0004146082 .0002393741 -873.000000 -898.988087 25.988087 2.890815        .0322033333 .0000000062 .0000787400 .0000454605 -873.000000 -898.988087 25.988087 2.890815        .0304700000 .0000002012 .0004485532 .0002589723 -873.000000 -898.988087 25.988087 2.890815        .0316123334 .0000001166 .0003414674 .0001971462 -873.000000 -898.988087 25.988087 2.890815         
458752       .0318490000 .0000000510 .0002258317 .0001303839 -940.000000 -940.001858 0.001858 0.000198        .0328700000 .0000000343 .0001852025 .0001069267 -940.000000 -940.001858 0.001858 0.000198        .0307256667 .0000000172 .0001311487 .0000757187 -940.000000 -940.001858 0.001858 0.000198        .0320613333 .0000000351 .0001873499 .0001081665 -940.000000 -940.001858 0.001858 0.000198         
466944       .0329213334 .0000013778 .0011737972 .0006776921 -940.000000 -1024.521771 84.521771 8.249876        .0335150000 .0000000793 .0002816025 .0001625832 -940.000000 -1024.521771 84.521771 8.249876        .0312980000 .0000000157 .0001252996 .0000723417 -940.000000 -1024.521771 84.521771 8.249876        .0326550000 .0000000492 .0002218107 .0001280624 -940.000000 -1024.521771 84.521771 8.249876         
475136       .0325956666 .0000000034 .0000583095 .0000336650 -940.000000 -1113.836362 173.836362 15.606993        .0341470000 .0000001189 .0003448187 .0001990811 -940.000000 -1113.836362 173.836362 15.606993        .0315560000 .0000000166 .0001288409 .0000743863 -940.000000 -1113.836362 173.836362 15.606993        .0345016667 .0000022820 .0015106290 .0008721620 -940.000000 -1113.836362 173.836362 15.606993         
483328       .0341626667 .0000050317 .0022431451 .0012950804 -940.000000 -1117.194686 177.194686 15.860681        .0341013334 .0000000427 .0002066397 .0001193034 -940.000000 -1117.194686 177.194686 15.860681        .0317790000 .0000001007 .0003173326 .0001832120 -940.000000 -1117.194686 177.194686 15.860681        .0336763334 .0000000002 .0000141421 .0000081649 -940.000000 -1117.194686 177.194686 15.860681         
491520       .0329453333 .0000000359 .0001894729 .0001093922 -940.000000 -973.338324 33.338324 3.425153        .0343966666 .0000000010 .0000316227 .0000182573 -940.000000 -973.338324 33.338324 3.425153        .0316716666 .0000000048 .0000692820 .0000399999 -940.000000 -973.338324 33.338324 3.425153        .0343753334 .0000003100 .0005567764 .0003214550 -940.000000 -973.338324 33.338324 3.425153         
499712       .0342973334 .0000000494 .0002222611 .0001283225 -940.000000 -951.962271 11.962271 1.256591        .0353993334 .0000000418 .0002044504 .0001180394 -940.000000 -951.962271 11.962271 1.256591        .0356950000 .0000010396 .0010196077 .0005886707 -940.000000 -951.962271 11.962271 1.256591        .0344663333 .0000000350 .0001870828 .0001080123 -940.000000 -951.962271 11.962271 1.256591         
507904       .0349183334 .0000002209 .0004700000 .0002713546 -940.000000 -970.540926 30.540926 3.146794        .0356950000 .0000000295 .0001717556 .0000991631 -940.000000 -970.540926 30.540926 3.146794        .0359180000 .0000000267 .0001634013 .0000943397 -940.000000 -970.540926 30.540926 3.146794        .0348536666 .0000000099 .0000994987 .0000574456 -940.000000 -970.540926 30.540926 3.146794         
516096       .0353856667 .0000000490 .0002213594 .0001278019 -940.000000 -924.910440 15.089560 1.631462        .0362296666 .0000000501 .0002238302 .0001292284 -940.000000 -924.910440 15.089560 1.631462        .0364766667 .0000002527 .0005026927 .0002902297 -940.000000 -924.910440 15.089560 1.631462        .0352540000 .0000000896 .0002993325 .0001728196 -940.000000 -924.910440 15.089560 1.631462         
524288       .0354156667 .0000000166 .0001288409 .0000743863 -973.000000 -972.777712 0.222288 0.022851        .0361570000 .0000001241 .0003522782 .0002033879 -973.000000 -972.777712 0.222288 0.022851        .0366676666 .0000000119 .0001090871 .0000629814 -973.000000 -972.777712 0.222288 0.022851        .0352756667 .0000000054 .0000734846 .0000424263 -973.000000 -972.777712 0.222288 0.022851         
