8192       .0136290000 .0000000017 .0000412310 .0000238047 -18.171875 -18.167544 0.004331 0.023840        .0137450000 .0000000597 .0002443358 .0001410673 -14.421875 -18.167544 3.745669 20.617365        .0157940000 .0000065113 .0025517249 .0014732390 -10.671875 -18.167544 7.495669 41.258570        .0145283334 .0000000257 .0001603121 .0000925562 -3.171875 -18.167544 14.995669 82.540981        .0170300000 .0000000440 .0002097617 .0001211059 11.828125 -18.167544 29.995669 165.105801         
16384       .0139403334 .0000002693 .0005189412 .0002996108 -18.171875 -64.508696 46.336821 71.830348        .0136246666 .0000000014 .0000374165 .0000216024 -62.687500 -64.508696 1.821196 2.823180        .0159126667 .0000045129 .0021243587 .0012264990 -58.937500 -64.508696 5.571196 8.636350        .0145046667 .0000000215 .0001466287 .0000846561 -51.437500 -64.508696 13.071196 20.262689        .0176510000 .0000004777 .0006911584 .0003990404 -36.437500 -64.508696 28.071196 43.515368         
24576       .0138473334 .0000000099 .0000994987 .0000574456 -18.171875 -27.506687 9.334812 33.936519        .0147393334 .0000049652 .0022282728 .0012864939 -25.671875 -27.506687 1.834812 6.670423        .0147906667 .0000001870 .0004324349 .0002496664 -21.921875 -27.506687 5.584812 20.303471        .0147423334 .0000001401 .0003742993 .0002161018 -14.421875 -27.506687 13.084812 47.569568        .0171656667 .0000000900 .0003000000 .0001732050 0.578125 -27.506687 28.084812 102.101762         
32768       .0140460000 .0000000019 .0000435889 .0000251660 -18.171875 -13.345046 4.826829 36.169446        .0143553334 .0000008381 .0009154780 .0005285514 -13.328125 -13.345046 0.016921 0.126795        .0161740000 .0000022223 .0014907380 .0008606779 -9.578125 -13.345046 3.766921 28.227110        .0147710000 .0000000220 .0001483239 .0000856348 -2.078125 -13.345046 11.266921 84.427742        .0195713334 .0000155416 .0039422836 .0022760784 12.921875 -13.345046 26.266921 196.829004         
40960       .0141293334 .0000000006 .0000244948 .0000141420 -18.171875 106.261098 124.432973 117.101155        .0150740000 .0000067186 .0025920262 .0014965070 -13.328125 106.261098 119.589223 112.542807        .0149580000 .0000000596 .0002441311 .0001409491 110.125000 106.261098 3.863902 3.636234        .0156546667 .0000028943 .0017012642 .0009822253 117.625000 106.261098 11.363902 10.694320        .0174046667 .0000003675 .0006062177 .0003499999 132.625000 106.261098 26.363902 24.810492         
49152       .0158976667 .0000042943 .0020722692 .0011964251 -18.171875 122.558847 140.730722 114.827061        .0152843333 .0000074167 .0027233618 .0015723336 -13.328125 122.558847 135.886972 110.874878        .0148033334 .0000001002 .0003165438 .0001827566 124.500000 122.558847 1.941153 1.583854        .0157110000 .0000032755 .0018098342 .0010449082 132.000000 122.558847 9.441153 7.703363        .0172586667 .0000000092 .0000959166 .0000553774 147.000000 122.558847 24.441153 19.942382         
57344       .0154496667 .0000007061 .0008402975 .0004851459 -18.171875 269.433928 287.605803 106.744464        .0142443333 .0000010779 .0010382196 .0005994163 -13.328125 269.433928 282.762053 104.946714        .0171863334 .0000153728 .0039208162 .0022636842 271.500000 269.433928 2.066072 0.766820        .0147486667 .0000000045 .0000670820 .0000387298 279.000000 269.433928 9.566072 3.550433        .0201480000 .0000189442 .0043524935 .0025129132 294.000000 269.433928 24.566072 9.117661         
65536       .0213726667 .0000096936 .0031134546 .0017975538 352.750000 352.652578 0.097422 0.027625        .0177246667 .0000001808 .0004252058 .0002454926 352.750000 352.652578 0.097422 0.027625        .0188703334 .0000002280 .0004774934 .0002756809 352.750000 352.652578 0.097422 0.027625        .0197833334 .0000002879 .0005365631 .0003097848 352.750000 352.652578 0.097422 0.027625        .0242636666 .0000000035 .0000591607 .0000341564 352.750000 352.652578 0.097422 0.027625         
73728       .0221470000 .0000113660 .0033713498 .0019464497 352.750000 324.164449 28.585551 8.818225        .0178570000 .0000001033 .0003214031 .0001855621 5948.000000 324.164449 5623.835551 1734.871166        .0198870000 .0000042197 .0020541908 .0011859876 5948.000000 324.164449 5623.835551 1734.871166        .0196193334 .0000000244 .0001562049 .0000901849 278.000000 324.164449 46.164449 14.241059        .0257226667 .0000074065 .0027214885 .0015712521 278.000000 324.164449 46.164449 14.241059         
81920       .0209623334 .0000000119 .0001090871 .0000629814 352.750000 328.105053 24.644947 7.511297        .0189793334 .0000001888 .0004345112 .0002508651 5948.000000 328.105053 5619.894947 1712.834011        .0196290000 .0000004810 .0006935416 .0004004164 5948.000000 328.105053 5619.894947 1712.834011        .0198646666 .0000000737 .0002714774 .0001567375 281.500000 328.105053 46.605053 14.204308        .0241503334 .0000000252 .0001587450 .0000916514 281.500000 328.105053 46.605053 14.204308         
90112       .0219433334 .0000000231 .0001519868 .0000877496 352.750000 312.286638 40.463362 12.957122        .0189226666 .0000000058 .0000761577 .0000439696 5948.000000 312.286638 5635.713362 1804.660423        .0204063333 .0000033762 .0018374438 .0010608486 5948.000000 312.286638 5635.713362 1804.660423        .0211830000 .0000075854 .0027541604 .0015901152 266.000000 312.286638 46.286638 14.821844        .0248393334 .0000010217 .0010107917 .0005835808 266.000000 312.286638 46.286638 14.821844         
98304       .0226253334 .0000000369 .0001920937 .0001109053 352.750000 106.220539 246.529461 232.092082        .0195413333 .0000001810 .0004254409 .0002456284 5948.000000 106.220539 5841.779461 5499.670316        .0197033334 .0000000093 .0000964365 .0000556776 5948.000000 106.220539 5841.779461 5499.670316        .0199903334 .0000003225 .0005678908 .0003278719 60.000000 106.220539 46.220539 43.513749        .0247263334 .0000008796 .0009378699 .0005414794 60.000000 106.220539 46.220539 43.513749         
106496       .0232466667 .0000000312 .0001766352 .0001019803 352.750000 -169.035213 521.785213 308.684329        .0207336667 .0000067868 .0026051487 .0015040833 5948.000000 -169.035213 6117.035213 3618.793444        .0197683334 .0000000590 .0002428991 .0001402378 5948.000000 -169.035213 6117.035213 3618.793444        .0198166666 .0000000033 .0000574456 .0000331662 -215.625000 -169.035213 46.589787 27.562178        .0260266667 .0000064257 .0025348964 .0014635231 -215.625000 -169.035213 46.589787 27.562178         
114688       .0246466666 .0000006123 .0007824960 .0004517742 281.500000 9.863335 271.636665 2754.004174        .0196013334 .0000000526 .0002293468 .0001324134 4808.000000 9.863335 4798.136665 48646.188525        .0199083334 .0000000955 .0003090307 .0001784189 4808.000000 9.863335 4798.136665 48646.188525        .0208893334 .0000024696 .0015714961 .0009073036 -36.375000 9.863335 46.238335 468.790060        .0259380000 .0000074691 .0027329654 .0015778783 -36.375000 9.863335 46.238335 468.790060         
122880       .0247416667 .0000000350 .0001870828 .0001080123 352.750000 -98.638814 451.388814 457.617843        .0196076666 .0000000008 .0000282842 .0000163298 5948.000000 -98.638814 6046.638814 6130.080592        .0197793333 .0000000069 .0000830662 .0000479582 5948.000000 -98.638814 6046.638814 6130.080592        .0199816667 .0000000013 .0000360555 .0000208166 -145.125000 -98.638814 46.486186 47.127681        .0249496667 .0000000305 .0001746424 .0001008298 -145.125000 -98.638814 46.486186 47.127681         
131072       .0257803334 .0000002654 .0005151698 .0002974334 17.000000 17.209894 0.209894 1.219614        .0197513334 .0000001208 .0003475629 .0002006655 -29.375000 17.209894 46.584894 270.686697        .0199550000 .0000004060 .0006371812 .0003678767 -29.375000 17.209894 46.584894 270.686697        .0200406667 .0000002051 .0004528796 .0002614701 -29.375000 17.209894 46.584894 270.686697        .0245280000 .0000002652 .0005149757 .0002973213 -29.375000 17.209894 46.584894 270.686697         
139264       .0260340000 .0000000414 .0002034698 .0001174733 17.000000 -33.993232 50.993232 150.009955        .0212066667 .0000065415 .0025576356 .0014766516 5652.000000 -33.993232 5685.993232 16726.839138        .0199510000 .0000000134 .0001157583 .0000668330 5652.000000 -33.993232 5685.993232 16726.839138        .0212420000 .0000065819 .0025655213 .0014812044 5652.000000 -33.993232 5685.993232 16726.839138        .0246210000 .0000002808 .0005299056 .0003059411 -43.625000 -33.993232 9.631768 28.334370         
147456       .0271413333 .0000000133 .0001153256 .0000665832 17.000000 -2.063288 19.063288 923.927787        .0203336667 .0000002495 .0004994997 .0002883862 5652.000000 -2.063288 5654.063288 274031.755879        .0200300000 .0000002344 .0004841487 .0002795233 5652.000000 -2.063288 5654.063288 274031.755879        .0202186667 .0000002501 .0005000999 .0002887328 5652.000000 -2.063288 5654.063288 274031.755879        .0246963334 .0000002411 .0004910193 .0002834901 -11.625000 -2.063288 9.561712 463.421207         
155648       .0278420000 .0000001097 .0003312099 .0001912241 17.000000 -31.917622 48.917622 153.262114        .0209376667 .0000000756 .0002749545 .0001587450 5652.000000 -31.917622 5683.917622 17808.086266        .0210146667 .0000000059 .0000768114 .0000443470 5652.000000 -31.917622 5683.917622 17808.086266        .0211106667 .0000002774 .0005266877 .0003040832 5652.000000 -31.917622 5683.917622 17808.086266        .0252150000 .0000012191 .0011041286 .0006374689 -41.625000 -31.917622 9.707378 30.413852         
163840       .0286793334 .0000000835 .0002889636 .0001668332 168.375000 29.896421 138.478579 463.194505        .0208416667 .0000000093 .0000964365 .0000556776 5652.000000 29.896421 5622.103579 18805.272998        .0213440000 .0000000737 .0002714774 .0001567375 5652.000000 29.896421 5622.103579 18805.272998        .0210733334 .0000000345 .0001857417 .0001072380 5652.000000 29.896421 5622.103579 18805.272998        .0248566667 .0000005095 .0007137926 .0004121083 20.375000 29.896421 9.521421 31.848029         
172032       .0291166667 .0000000358 .0001892088 .0001092397 -26.250000 -154.345397 128.095397 82.992690        .0210420000 .0000000221 .0001486606 .0000858292 4148.000000 -154.345397 4302.345397 2787.478919        .0214583334 .0000001578 .0003972404 .0002293468 4148.000000 -154.345397 4302.345397 2787.478919        .0214486666 .0000000267 .0001634013 .0000943397 4148.000000 -154.345397 4302.345397 2787.478919        .0244476667 .0000000678 .0002603843 .0001503329 -163.875000 -154.345397 9.529603 6.174206         
180224       .0300843334 .0000001064 .0003261901 .0001883259 64.750000 -150.394849 215.144849 143.053336        .0215916667 .0000003558 .0005964897 .0003443834 5652.000000 -150.394849 5802.394849 3858.107445        .0216073334 .0000000311 .0001763519 .0001018168 5652.000000 -150.394849 5802.394849 3858.107445        .0212936667 .0000000759 .0002754995 .0001590597 5652.000000 -150.394849 5802.394849 3858.107445        .0259523334 .0000010200 .0010099504 .0005830951 -159.750000 -150.394849 9.355151 6.220394         
188416       .0323040000 .0000003007 .0005483611 .0003165964 -249.750000 -82.945878 166.804122 201.099953        .0216406667 .0000003457 .0005879625 .0003394603 2350.000000 -82.945878 2432.945878 2933.172728        .0212086667 .0000000248 .0001574801 .0000909211 2350.000000 -82.945878 2432.945878 2933.172728        .0214976667 .0000000008 .0000282842 .0000163298 2350.000000 -82.945878 2432.945878 2933.172728        .0245983334 .0000000716 .0002675817 .0001544883 -92.375000 -82.945878 9.429122 11.367800         
196608       .0316673334 .0000000085 .0000921954 .0000532290 -227.375000 -197.372820 30.002180 15.200766        .0217473334 .0000000177 .0001330413 .0000768114 -206.750000 -197.372820 9.377180 4.750999        .0220096667 .0000001009 .0003176476 .0001833939 -206.750000 -197.372820 9.377180 4.750999        .0214263334 .0000001137 .0003371943 .0001946792 -206.750000 -197.372820 9.377180 4.750999        .0245270000 .0000000205 .0001431782 .0000826639 -206.750000 -197.372820 9.377180 4.750999         
204800       .0330400000 .0000010088 .0010043903 .0005798850 -336.500000 -153.464337 183.035663 119.269185        .0216693334 .0000000210 .0001449137 .0000836659 1837.000000 -153.464337 1990.464337 1297.020779        .0221410000 .0000004041 .0006356886 .0003670149 1837.000000 -153.464337 1990.464337 1297.020779        .0214400000 .0000000122 .0001104536 .0000637704 1837.000000 -153.464337 1990.464337 1297.020779        .0245440000 .0000000306 .0001749285 .0001009950 -148.500000 -153.464337 4.964337 3.234847         
212992       .0332043334 .0000001290 .0003591656 .0002073643 -132.625000 -99.240485 33.384515 33.640016        .0220856666 .0000000370 .0001923538 .0001110555 5452.000000 -99.240485 5551.240485 5593.725657        .0231690000 .0000038220 .0019549936 .0011287160 5452.000000 -99.240485 5551.240485 5593.725657        .0213173334 .0000000365 .0001910497 .0001103025 5452.000000 -99.240485 5551.240485 5593.725657        .0251190000 .0000005243 .0007240856 .0004180510 -94.250000 -99.240485 4.990485 5.028679         
221184       .0338763334 .0000000627 .0002503996 .0001445682 -281.000000 -208.003438 72.996562 35.093921        .0228916666 .0000012454 .0011159749 .0006443084 4002.000000 -208.003438 4210.003438 2024.006657        .0220796666 .0000000607 .0002463736 .0001422438 4002.000000 -208.003438 4210.003438 2024.006657        .0216290000 .0000000432 .0002078460 .0001199999 4002.000000 -208.003438 4210.003438 2024.006657        .0246350000 .0000000559 .0002364318 .0001365039 -203.000000 -208.003438 5.003438 2.405459         
229376       .0345503334 .0000000935 .0003057776 .0001765407 -64.375000 -90.857727 26.482727 29.147468        .0225450000 .0000000003 .0000173205 .0000099999 5452.000000 -90.857727 5542.857727 6100.590360        .0221676667 .0000000613 .0002475883 .0001429451 5452.000000 -90.857727 5542.857727 6100.590360        .0217880000 .0000005674 .0007532595 .0004348945 5452.000000 -90.857727 5542.857727 6100.590360        .0248926666 .0000000085 .0000921954 .0000532290 -85.875000 -90.857727 4.982727 5.484098         
237568       .0357706667 .0000004378 .0006616645 .0003820121 -197.375000 -128.420071 68.954929 53.694823        .0228776667 .0000000308 .0001754992 .0001013245 5452.000000 -128.420071 5580.420071 4345.442301        .0227083334 .0000003006 .0005482700 .0003165438 5452.000000 -128.420071 5580.420071 4345.442301        .0216620000 .0000002122 .0004606517 .0002659573 5452.000000 -128.420071 5580.420071 4345.442301        .0250633334 .0000004111 .0006411708 .0003701801 -123.500000 -128.420071 4.920071 3.831232         
245760       .0364786667 .0000000018 .0000424264 .0000244948 -232.625000 -158.884046 73.740954 46.411805        .0232286667 .0000002533 .0005032891 .0002905740 4888.000000 -158.884046 5046.884046 3176.457401        .0228256667 .0000000602 .0002453568 .0001416568 4888.000000 -158.884046 5046.884046 3176.457401        .0220383334 .0000012595 .0011222744 .0006479454 4888.000000 -158.884046 5046.884046 3176.457401        .0263103333 .0000049765 .0022308070 .0012879570 -153.750000 -158.884046 5.134046 3.231316         
253952       .0373673334 .0000000633 .0002515949 .0001452583 -212.125000 -86.295369 125.829631 145.812727        .0233076667 .0000000719 .0002681417 .0001548116 5452.000000 -86.295369 5538.295369 6417.836114        .0224253334 .0000000620 .0002489979 .0001437590 5452.000000 -86.295369 5538.295369 6417.836114        .0221653334 .0000007970 .0008927485 .0005154285 5452.000000 -86.295369 5538.295369 6417.836114        .0249836667 .0000001896 .0004354308 .0002513960 -81.125000 -86.295369 5.170369 5.991479         
262144       .0379426667 .0000000806 .0002839013 .0001639104 -287.500000 -214.922140 72.577860 33.769373        .0235766666 .0000000011 .0000331662 .0000191485 -209.750000 -214.922140 5.172140 2.406518        .0227253334 .0000001640 .0004049691 .0002338090 -209.750000 -214.922140 5.172140 2.406518        .0223853333 .0000002815 .0005305657 .0003063222 -209.750000 -214.922140 5.172140 2.406518        .0248640000 .0000000351 .0001873499 .0001081665 -209.750000 -214.922140 5.172140 2.406518         
270336       .0391050000 .0000000935 .0003057776 .0001765407 -234.125000 -228.316736 5.808264 2.543950        .0240386666 .0000000028 .0000529150 .0000305504 -209.750000 -228.316736 18.566736 8.132008        .0227626666 .0000000453 .0002128379 .0001228820 5240.000000 -228.316736 5468.316736 2395.057335        .0248266666 .0000070486 .0026549199 .0015328187 5240.000000 -228.316736 5468.316736 2395.057335        .0248383334 .0000001711 .0004136423 .0002388164 5240.000000 -228.316736 5468.316736 2395.057335         
278528       .0399443334 .0000001312 .0003622154 .0002091251 -331.500000 -348.813116 17.313116 4.963436        .0239956667 .0000000292 .0001708800 .0000986576 -209.750000 -348.813116 139.063116 39.867513        .0227796667 .0000000231 .0001519868 .0000877496 5552.000000 -348.813116 5900.813116 1691.683268        .0219050000 .0000000414 .0002034698 .0001174733 5552.000000 -348.813116 5900.813116 1691.683268        .0251593334 .0000003825 .0006184658 .0003570713 5552.000000 -348.813116 5900.813116 1691.683268         
286720       .0405876667 .0000002031 .0004506661 .0002601921 -1026.000000 -377.606803 648.393197 171.711206        .0243200000 .0000000924 .0003039736 .0001754992 -209.750000 -377.606803 167.856803 44.452802        .0237430000 .0000022392 .0014963956 .0008639444 -9536.000000 -377.606803 9158.393197 2425.378229        .0226923334 .0000024728 .0015725139 .0009078913 -9536.000000 -377.606803 9158.393197 2425.378229        .0247596667 .0000000279 .0001670329 .0000964364 -9536.000000 -377.606803 9158.393197 2425.378229         
294912       .0416000000 .0000002331 .0004828043 .0002787471 -317.250000 -309.738157 7.511843 2.425224        .0249976667 .0000001405 .0003748332 .0002164100 -209.750000 -309.738157 99.988157 32.281511        .0232436667 .0000001984 .0004454211 .0002571639 1928.000000 -309.738157 2237.738157 722.461248        .0218410000 .0000000805 .0002837252 .0001638088 1928.000000 -309.738157 2237.738157 722.461248        .0254083334 .0000011690 .0010812030 .0006242328 1928.000000 -309.738157 2237.738157 722.461248         
303104            line 192           .0249953334 .0000001948 .0004413615 .0002548201 15936.000000 -303.039181 16239.039181 5358.725942        .0242656666 .0000002294 .0004789572 .0002765260 1928.000000 -303.039181 2231.039181 736.221361        .0242026667 .0000000615 .0002479919 .0001431781 1897.000000 -303.039181 2200.039181 725.991661        .0277736667 .0000000879 .0002964793 .0001711724 1928.000000 -303.039181 2231.039181 736.221361         
311296            line 192           .0253480000 .0000000663 .0002574878 .0001486606 32080.000000 -275.682016 32355.682016 11736.595131        .0255990000 .0000038180 .0019539703 .0011281252 1928.000000 -275.682016 2203.682016 799.356465        .0257716666 .0000053880 .0023212065 .0013401491 1928.000000 -275.682016 2203.682016 799.356465        .0289366666 .0000011074 .0010523307 .0006075634 1928.000000 -275.682016 2203.682016 799.356465         
319488            line 192           .0254626667 .0000001159 .0003404408 .0001965535 15936.000000 -301.163113 16237.163113 5391.484684        .0244096667 .0000002541 .0005040833 .0002910326 1928.000000 -301.163113 2229.163113 740.184643        .0247360000 .0000000044 .0000663324 .0000382970 1891.000000 -301.163113 2192.163113 727.898942        .0289943333 .0000017317 .0013159407 .0007597587 1928.000000 -301.163113 2229.163113 740.184643         
327680            line 192           .0265740000 .0000013187 .0011483466 .0006629982 -267.250000 -272.400832 5.150832 1.890902        .0270453334 .0000213352 .0046190042 .0026667833 -147.500000 -272.400832 124.900832 45.851854        .0247553334 .0000000995 .0003154362 .0001821171 -147.500000 -272.400832 124.900832 45.851854        .0284843333 .0000000856 .0002925747 .0001689180 -147.500000 -272.400832 124.900832 45.851854         
335872            line 192           .0276126667 .0000083771 .0028943220 .0016710375 15432.000000 -444.090028 15876.090028 3574.971067        .0247106667 .0000000497 .0002229349 .0001287115 1887.000000 -444.090028 2331.090028 524.913842        .0247903334 .0000001365 .0003694590 .0002133072 1887.000000 -444.090028 2331.090028 524.913842        .0282743334 .0000000529 .0002300000 .0001327905 1887.000000 -444.090028 2331.090028 524.913842         
344064            line 192           .0267680000 .0000005937 .0007705193 .0004448595 15432.000000 -511.199067 15943.199067 3118.784854        .0247966667 .0000002774 .0005266877 .0003040832 1887.000000 -511.199067 2398.199067 469.132129        .0252630000 .0000002602 .0005100980 .0002945052 1887.000000 -511.199067 2398.199067 469.132129        .0284820000 .0000001734 .0004164132 .0002404162 1887.000000 -511.199067 2398.199067 469.132129         
352256            line 192           .0268116667 .0000001588 .0003984971 .0002300724 15432.000000 -684.140510 16116.140510 2355.676981        .0252106667 .0000000097 .0000984885 .0000568623 1887.000000 -684.140510 2571.140510 375.820533        .0268810000 .0000020545 .0014333527 .0008275465 1887.000000 -684.140510 2571.140510 375.820533        .0284990000 .0000003336 .0005775811 .0003334666 1887.000000 -684.140510 2571.140510 375.820533         
360448            line 192           .0273010000 .0000000151 .0001228820 .0000709459 15432.000000 -620.805671 16052.805671 2585.802033        .0251096667 .0000000858 .0002929163 .0001691153 1887.000000 -620.805671 2507.805671 403.959852        .0254316667 .0000001959 .0004426059 .0002555386 1887.000000 -620.805671 2507.805671 403.959852        .0287176667 .0000002072 .0004551922 .0002628053 1887.000000 -620.805671 2507.805671 403.959852         
368640            line 192           .0273096667 .0000000476 .0002181742 .0001259629 15408.000000 -716.543741 16124.543741 2250.322319        .0271530000 .0000061740 .0024847535 .0014345731 1887.000000 -716.543741 2603.543741 363.347496        .0256360000 .0000001300 .0003605551 .0002081665 1887.000000 -716.543741 2603.543741 363.347496        .0288610000 .0000004363 .0006605300 .0003813571 1887.000000 -716.543741 2603.543741 363.347496         
376832            line 192           .0277886667 .0000000423 .0002056696 .0001187433 15432.000000 -578.662429 16010.662429 2766.839807        .0258666667 .0000000161 .0001268857 .0000732574 1887.000000 -578.662429 2465.662429 426.096858        .0257470000 .0000004076 .0006384355 .0003686009 1888.000000 -578.662429 2466.662429 426.269671        .0297080000 .0000042601 .0020640009 .0011916514 1887.000000 -578.662429 2465.662429 426.096858         
385024            line 192           .0285716667 .0000001339 .0003659234 .0002112659 15464.000000 -597.600768 16061.600768 2687.680742        .0266400000 .0000001681 .0004100000 .0002367136 1887.000000 -597.600768 2484.600768 415.762646        .0259553334 .0000002840 .0005329165 .0003076794 1887.000000 -597.600768 2484.600768 415.762646        .0286720000 .0000000393 .0001982422 .0001144551 1887.000000 -597.600768 2484.600768 415.762646         
393216            line 192           .0300373334 .0000034425 .0018553975 .0010712142 -468.250000 -482.755089 14.505089 3.004648        .0271966667 .0000006974 .0008351047 .0004821479 -341.250000 -482.755089 141.505089 29.311983        .0259156667 .0000000360 .0001897366 .0001095444 -341.250000 -482.755089 141.505089 29.311983        .0289416667 .0000001171 .0003421987 .0001975685 -341.250000 -482.755089 141.505089 29.311983         
401408            line 192           .0304566666 .0000034678 .0018622029 .0010751433 -2646.000000 -617.331143 2028.668857 328.619231        .0303923333 .0000276399 .0052573662 .0030353417 1825.000000 -617.331143 2442.331143 395.627399        .0276286666 .0000003027 .0005501817 .0003176475 1825.000000 -617.331143 2442.331143 395.627399        .0294123334 .0000002161 .0004648655 .0002683902 1825.000000 -617.331143 2442.331143 395.627399         
409600            line 192           .0298666667 .0000008688 .0009320944 .0005381449 -2620.000000 -708.975384 1911.024616 269.547386        .0294080000 .0000128472 .0035842990 .0020693959 1825.000000 -708.975384 2533.975384 357.413733        .0270100000 .0000001618 .0004022437 .0002322355 1825.000000 -708.975384 2533.975384 357.413733        .0301076667 .0000003813 .0006174949 .0003565108 1825.000000 -708.975384 2533.975384 357.413733         
417792            line 192           .0308406667 .0000026124 .0016162920 .0009331666 -2620.000000 -758.402978 1861.597022 245.462779        .0279116667 .0000000883 .0002971531 .0001715614 1825.000000 -758.402978 2583.402978 340.637241        .0270760000 .0000001211 .0003479942 .0002009145 1825.000000 -758.402978 2583.402978 340.637241        .0306890000 .0000030802 .0017550498 .0010132784 1825.000000 -758.402978 2583.402978 340.637241         
425984            line 192           .0313566667 .0000002207 .0004697871 .0002712317 -2620.000000 -657.859103 1962.140897 298.261571        .0287903334 .0000007312 .0008551023 .0004936935 1825.000000 -657.859103 2482.859103 377.415026        .0281066666 .0000000297 .0001723368 .0000994986 1825.000000 -657.859103 2482.859103 377.415026        .0318163334 .0000053755 .0023185124 .0013385937 1825.000000 -657.859103 2482.859103 377.415026         
434176            line 192           .0315480000 .0000002754 .0005247856 .0003029851 -2632.000000 -803.148492 1828.851508 227.710259        .0284703334 .0000001143 .0003380828 .0001951921 1872.000000 -803.148492 2675.148492 333.082676        .0286526667 .0000004647 .0006816890 .0003935733 1825.000000 -803.148492 2628.148492 327.230707        .0302816667 .0000001335 .0003653765 .0002109502 1825.000000 -803.148492 2628.148492 327.230707         
442368            line 192           .0318816667 .0000000942 .0003069201 .0001772004 -2620.000000 -956.094237 1663.905763 174.031565        .0288483334 .0000001023 .0003198437 .0001846618 1825.000000 -956.094237 2781.094237 290.880766        .0284576667 .0000000281 .0001676305 .0000967815 1853.000000 -956.094237 2809.094237 293.809347        .0304460000 .0000000855 .0002924038 .0001688194 1825.000000 -956.094237 2781.094237 290.880766         
450560            line 192           .0326056667 .0000000072 .0000848528 .0000489897 -4760.000000 -1029.889813 3730.110187 362.185366        .0295583334 .0000000699 .0002643860 .0001526433 1825.000000 -1029.889813 2854.889813 277.203423        .0304713334 .0000057413 .0023961009 .0013833894 1825.000000 -1029.889813 2854.889813 277.203423        .0322260000 .0000060212 .0024538133 .0014167097 1825.000000 -1029.889813 2854.889813 277.203423         
458752            line 192           .0340820000 .0000007207 .0008489405 .0004901360 -1107.000000 -1113.421009 6.421009 0.576692        .0323413334 .0000107001 .0032711007 .0018885708 -824.500000 -1113.421009 288.921009 25.948945        .0298560000 .0000001079 .0003284813 .0001896487 -824.500000 -1113.421009 288.921009 25.948945        .0313726667 .0000000484 .0002200000 .0001270170 -824.500000 -1113.421009 288.921009 25.948945         
466944            line 192           .0340066667 .0000000363 .0001905255 .0001099999 -3144.000000 -1191.308067 1952.691933 163.911585        .0328330000 .0000024669 .0015706368 .0009068075 1195.000000 -1191.308067 2386.308067 200.309906        .0303336667 .0000000132 .0001148912 .0000663324 1195.000000 -1191.308067 2386.308067 200.309906        .0323200000 .0000004000 .0006324555 .0003651483 1195.000000 -1191.308067 2386.308067 200.309906         
475136            line 192           .0342473334 .0000002760 .0005253570 .0003033150 -3252.000000 -1147.715312 2104.284688 183.345527        .0321206667 .0000003123 .0005588380 .0003226452 1195.000000 -1147.715312 2342.715312 204.119897        .0310923334 .0000000346 .0001860107 .0001073933 1190.000000 -1147.715312 2337.715312 203.684249        .0325386667 .0000003373 .0005807753 .0003353107 1195.000000 -1147.715312 2342.715312 204.119897         
483328            line 192           .0346730000 .0000001211 .0003479942 .0002009145 -3252.000000 -1118.688855 2133.311145 190.697452        .0326036666 .0000000175 .0001322875 .0000763762 1195.000000 -1118.688855 2313.688855 206.821481        .0312830000 .0000000617 .0002483948 .0001434108 1165.000000 -1118.688855 2283.688855 204.139770        .0327766667 .0000000023 .0000479583 .0000276887 1195.000000 -1118.688855 2313.688855 206.821481         
491520            line 192           .0355200000 .0000000284 .0001685229 .0000972967 -3242.000000 -1066.289406 2175.710594 204.045035        .0342686667 .0000014482 .0012034118 .0006947901 1195.000000 -1066.289406 2261.289406 212.070887        .0324630000 .0000020915 .0014462019 .0008349650 1195.000000 -1066.289406 2261.289406 212.070887        .0338846667 .0000001027 .0003204684 .0001850225 1195.000000 -1066.289406 2261.289406 212.070887         
499712            line 192           .0359400000 .0000000282 .0001679285 .0000969535 -3252.000000 -1225.184464 2026.815536 165.429419        .0343970000 .0000019658 .0014020698 .0008094853 1202.000000 -1225.184464 2427.184464 198.107676        .0348170000 .0000046802 .0021633769 .0012490262 1195.000000 -1225.184464 2420.184464 197.536333        .0342153334 .0000001719 .0004146082 .0002393741 1195.000000 -1225.184464 2420.184464 197.536333         
507904            line 192           .0365706667 .0000000053 .0000728010 .0000420316 -3294.000000 -1235.135514 2058.864486 166.691384        .0347763334 .0000036982 .0019230704 .0011102852 1195.000000 -1235.135514 2430.135514 196.750517        .0336296667 .0000038510 .0019623964 .0011329900 1195.000000 -1235.135514 2430.135514 196.750517        .0346030000 .0000002870 .0005357238 .0003093002 1195.000000 -1235.135514 2430.135514 196.750517         
516096            line 192           .0371403334 .0000000295 .0001717556 .0000991631 -3128.000000 -1152.484064 1975.515936 171.413731        .0340993334 .0000000995 .0003154362 .0001821171 1195.000000 -1152.484064 2347.484064 203.689069        .0331190000 .0000000030 .0000547722 .0000316227 1195.000000 -1152.484064 2347.484064 203.689069        .0352723334 .0000001069 .0003269556 .0001887679 1195.000000 -1152.484064 2347.484064 203.689069         
524288            line 192           .0385100000 .0000001316 .0003627671 .0002094436 -1251.000000 -1228.051287 22.948713 1.868710        .0349016667 .0000001965 .0004432832 .0002559296 -938.500000 -1228.051287 289.551287 23.578110        .0332830000 .0000001341 .0003661966 .0002114237 -938.500000 -1228.051287 289.551287 23.578110        .0356023334 .0000001303 .0003609709 .0002084066 -938.500000 -1228.051287 289.551287 23.578110         
