8192       .0121050000 0 0 0 -27.234375 -27.224982 0.009393 0.034500        .0123836666 .0000000163 .0001276714 .0000737111 -17.281250 -27.224982 9.943732 36.524293        .0131323334 .0000001051 .0003241913 .0001871719 437.500000 -27.224982 464.724982 1706.979917        .0132956667 .0000000358 .0001892088 .0001092397 435.500000 -27.224982 462.724982 1699.633723        .0156580000 .0000000043 .0000655743 .0000378593 5580.000000 -27.224982 5607.224982 20595.881003         
16384       .0123053334 .0000000347 .0001862793 .0001075484 -27.234375 -105.854889 78.620514 74.271972        .0121203333 .0000000008 .0000282842 .0000163298 -99.312500 -105.854889 6.542389 6.180526        .0133530000 .0000001158 .0003402939 .0001964687 355.500000 -105.854889 461.354889 435.837110        .0139813334 .0000022549 .0015016324 .0008669678 353.500000 -105.854889 459.354889 433.947731        .0156643334 .0000000041 .0000640312 .0000369684 5496.000000 -105.854889 5601.854889 5292.013379         
24576       .0126040000 .0000000010 .0000316227 .0000182573 -27.234375 -144.951656 117.717281 81.211408        .0122386667 .0000000946 .0003075711 .0001775762 -141.375000 -144.951656 3.576656 2.467482        .0133910000 .0000001653 .0004065710 .0002347338 313.250000 -144.951656 458.201656 316.106534        .0133946666 .0000000032 .0000565685 .0000326598 311.500000 -144.951656 456.451656 314.899235        .0157153334 .0000000016 .0000400000 .0000230940 5456.000000 -144.951656 5600.951656 3864.013574         
32768       .0127266667 .0000000841 .0002900000 .0001674315 -27.234375 -99.856432 72.622057 72.726469        .0120653334 .0000000039 .0000624499 .0000360554 -99.875000 -99.856432 0.018568 0.018595        .0133820000 .0000000330 .0001816590 .0001048808 354.750000 -99.856432 454.606432 455.260041        .0133383333 .0000000043 .0000655743 .0000378593 353.000000 -99.856432 452.856432 453.507525        .0157283334 .0000000003 .0000173205 .0000099999 5496.000000 -99.856432 5595.856432 5603.901868         
40960       .0127460000 .0000000219 .0001479864 .0000854399 -27.234375 -2.768657 24.465718 883.667319        .0121913334 .0000000004 .0000200000 .0000115470 -99.875000 -2.768657 97.106343 3507.344521        .0131826667 .0000000071 .0000842614 .0000486483 3.978516 -2.768657 6.747173 243.698388        .0141163334 .0000017481 .0013221573 .0007633478 2.011719 -2.768657 4.780376 172.660452        .0168723334 .0000035929 .0018954946 .0010943643 5148.000000 -2.768657 5150.768657 186038.519084         
49152       .0132583333 .0000000825 .0002872281 .0001658312 -27.234375 15.484040 42.718415 275.886747        .0122676667 .0000000114 .0001067707 .0000616440 -99.875000 15.484040 115.359040 745.018983        .0152820000 .0000036700 .0019157244 .0011060439 18.703125 15.484040 3.219085 20.789694        .0134290000 .0000000083 .0000911043 .0000525990 16.734375 15.484040 1.250335 8.074989        .0158466667 .0000000034 .0000583095 .0000336650 5160.000000 15.484040 5144.515960 33224.635329         
57344       .0134786667 .0000001210 .0003478505 .0002008315 -27.234375 25.346160 52.580535 207.449710        .0122776667 .0000000098 .0000989949 .0000571547 -99.875000 25.346160 125.221160 494.043917        .0145893334 .0000048794 .0022089363 .0012753299 28.828125 25.346160 3.481965 13.737645        .0134300000 .0000000023 .0000479583 .0000276887 26.859375 25.346160 1.513215 5.970196        .0165106667 .0000013424 .0011586198 .0006689294 5172.000000 25.346160 5146.653840 20305.458199         
65536       .0193306667 .0000039795 .0019948684 .0011517378 168.750000 168.795481 0.045481 0.026945        .0161830000 .0000000026 .0000509901 .0000294391 168.750000 168.795481 0.045481 0.026945        .0172330000 .0000000113 .0001063014 .0000613731 168.750000 168.795481 0.045481 0.026945        .0182280000 .0000000092 .0000959166 .0000553774 168.750000 168.795481 0.045481 0.026945        .0229693334 .0000001388 .0003725587 .0002150968 168.750000 168.795481 0.045481 0.026945         
73728       .0189546667 .0000000144 .0001200000 .0000692820 168.750000 199.728352 30.978352 15.510242        .0161930000 .0000000247 .0001571623 .0000907376 2790.000000 199.728352 2590.271648 1296.897324        .0174226666 .0000000350 .0001870828 .0001080123 2790.000000 199.728352 2590.271648 1296.897324        .0190580000 .0000012034 .0010969958 .0006333508 121.187500 199.728352 78.540852 39.323837        .0240833333 .0000045969 .0021440382 .0012378610 121.187500 199.728352 78.540852 39.323837         
81920       .0196723333 .0000000598 .0002445403 .0001411854 168.750000 118.450070 50.299930 42.465091        .0174406667 .0000000007 .0000264575 .0000152752 2790.000000 118.450070 2671.549930 2255.422833        .0180446666 .0000000319 .0001786057 .0001031180 2790.000000 118.450070 2671.549930 2255.422833        .0183943333 .0000000004 .0000200000 .0000115470 39.875000 118.450070 78.575070 66.336027        .0228633334 .0000000118 .0001086278 .0000627162 39.875000 118.450070 78.575070 66.336027         
90112       .0204356667 .0000000833 .0002886173 .0001666332 168.750000 39.338295 129.411705 328.971308        .0175593334 .0000000290 .0001702938 .0000983191 2790.000000 39.338295 2750.661705 6992.325618        .0181046667 .0000000124 .0001113552 .0000642909 2790.000000 39.338295 2750.661705 6992.325618        .0183370000 .0000000102 .0001009950 .0000583094 -39.312500 39.338295 78.650795 199.934427        .0230110000 .0000000184 .0001356465 .0000783155 -39.312500 39.338295 78.650795 199.934427         
98304       .0212500000 .0000001444 .0003800000 .0002193931 168.750000 94.477357 74.272643 78.614225        .0177500000 .0000000151 .0001228820 .0000709459 2790.000000 94.477357 2695.522643 2853.088526        .0181430000 .0000000050 .0000707106 .0000408247 2790.000000 94.477357 2695.522643 2853.088526        .0183776667 .0000000063 .0000793725 .0000458257 15.937500 94.477357 78.539857 83.130879        .0230103334 .0000000808 .0002842534 .0001641137 15.937500 94.477357 78.539857 83.130879         
106496       .0219323334 .0000000363 .0001905255 .0001099999 168.750000 -1.233814 169.983814 13777.103123        .0177723334 .0000001144 .0003382306 .0001952775 2790.000000 -1.233814 2791.233814 226228.104967        .0181586667 .0000000376 .0001939071 .0001119523 2790.000000 -1.233814 2791.233814 226228.104967        .0184670000 .0000000163 .0001276714 .0000737111 -80.062500 -1.233814 78.828686 6389.025593        .0230050000 .0000000622 .0002493992 .0001439906 -80.062500 -1.233814 78.828686 6389.025593         
114688       .0229353334 .0000003554 .0005961543 .0003441898 143.375000 -95.546810 238.921810 250.057338        .0180396667 .0000000038 .0000616441 .0000355902 2384.000000 -95.546810 2479.546810 2595.112082        .0181493334 .0000000332 .0001822086 .0001051981 2384.000000 -95.546810 2479.546810 2595.112082        .0184736667 .0000000737 .0002714774 .0001567375 -174.250000 -95.546810 78.703190 82.371342        .0230923334 .0000000824 .0002870540 .0001657307 -174.250000 -95.546810 78.703190 82.371342         
122880       .0233783334 .0000000116 .0001077032 .0000621824 168.750000 -77.445802 246.195802 317.894316        .0183940000 .0000000801 .0002830194 .0001634013 2790.000000 -77.445802 2867.445802 3702.519358        .0182070000 .0000000383 .0001957038 .0001129896 2790.000000 -77.445802 2867.445802 3702.519358        .0191010000 .0000008430 .0009181503 .0005300943 -156.250000 -77.445802 78.804198 101.753996        .0231383334 .0000001035 .0003217141 .0001857417 -156.250000 -77.445802 78.804198 101.753996         
131072       .0247483333 .0000007333 .0008563293 .0004944019 -124.750000 -124.674952 0.075048 0.060195        .0183663334 .0000000188 .0001371130 .0000791622 -203.250000 -124.674952 78.575048 63.023925        .0183706666 .0000000078 .0000883176 .0000509901 -203.250000 -124.674952 78.575048 63.023925        .0184803334 .0000000223 .0001493318 .0000862167 -203.250000 -124.674952 78.575048 63.023925        .0232406667 .0000000845 .0002906888 .0001678292 -203.250000 -124.674952 78.575048 63.023925         
139264       .0247723334 .0000000031 .0000556776 .0000321454 -124.750000 -233.050416 108.300416 46.470810        .0194706667 .0000030491 .0017461672 .0010081501 2456.000000 -233.050416 2689.050416 1153.849224        .0182986667 .0000000226 .0001503329 .0000867947 2456.000000 -233.050416 2689.050416 1153.849224        .0186273334 .0000000927 .0003044667 .0001757839 2456.000000 -233.050416 2689.050416 1153.849224        .0231506667 .0000000185 .0001360147 .0000785281 -350.750000 -233.050416 117.699584 50.503915         
147456       .0257856667 .0000000131 .0001144552 .0000660807 -124.750000 -200.750995 76.000995 37.858340        .0188856667 .0000001225 .0003500000 .0002020725 2456.000000 -200.750995 2656.750995 1323.406143        .0182620000 .0000000124 .0001113552 .0000642909 2456.000000 -200.750995 2656.750995 1323.406143        .0185583334 .0000000218 .0001476482 .0000852447 2456.000000 -200.750995 2656.750995 1323.406143        .0241196666 .0000017817 .0013348033 .0007706490 -318.500000 -200.750995 117.749005 58.654258         
155648       .0271596666 .0000017822 .0013349906 .0007707571 -242.875000 -223.947740 18.927260 8.451641        .0194083334 .0000000012 .0000346410 .0000199999 568.000000 -223.947740 791.947740 353.630601        .0195896667 .0000000657 .0002563201 .0001479864 568.000000 -223.947740 791.947740 353.630601        .0199606667 .0000002470 .0004969909 .0002869378 568.000000 -223.947740 791.947740 353.630601        .0231346667 .0000000963 .0003103224 .0001791647 -341.500000 -223.947740 117.552260 52.490934         
163840       .0271913334 .0000000516 .0002271563 .0001311487 -124.750000 -388.223489 263.473489 67.866447        .0195123334 .0000000247 .0001571623 .0000907376 2456.000000 -388.223489 2844.223489 732.625297        .0199866666 .0000000335 .0001830300 .0001056724 2456.000000 -388.223489 2844.223489 732.625297        .0198476666 .0000000036 .0000600000 .0000346410 2456.000000 -388.223489 2844.223489 732.625297        .0232576667 .0000001324 .0003638681 .0002100793 -506.000000 -388.223489 117.776511 30.337297         
172032       .0278573334 .0000000016 .0000400000 .0000230940 -163.000000 -590.863823 427.863823 72.413271        .0197190000 .0000000467 .0002161018 .0001247664 1996.000000 -590.863823 2586.863823 437.810494        .0201066667 .0000002000 .0004472135 .0002581988 1996.000000 -590.863823 2586.863823 437.810494        .0200956667 .0000001947 .0004412482 .0002547547 1996.000000 -590.863823 2586.863823 437.810494        .0232356667 .0000001406 .0003749666 .0002164870 -708.500000 -590.863823 117.636177 19.909186         
180224       .0287093334 .0000000424 .0002059126 .0001188836 -40.625000 -644.477866 603.852866 93.696448        .0198590000 .0000000196 .0001400000 .0000808290 2456.000000 -644.477866 3100.477866 481.083685        .0200343334 .0000001001 .0003163858 .0001826654 2456.000000 -644.477866 3100.477866 481.083685        .0199510000 .0000000393 .0001982422 .0001144551 2456.000000 -644.477866 3100.477866 481.083685        .0231486667 .0000000753 .0002744084 .0001584297 -762.500000 -644.477866 118.022134 18.312830         
188416       .0295360000 .0000000647 .0002543619 .0001468559 -185.750000 -631.171308 445.421308 70.570589        .0200423334 .0000000178 .0001334166 .0000770281 1482.000000 -631.171308 2113.171308 334.801548        .0200366667 .0000000170 .0001303840 .0000752772 1482.000000 -631.171308 2113.171308 334.801548        .0204953334 .0000008551 .0009247161 .0005338850 1482.000000 -631.171308 2113.171308 334.801548        .0233193334 .0000001114 .0003337663 .0001927000 -749.000000 -631.171308 117.828692 18.668259         
196608       .0304016667 .0000000231 .0001519868 .0000877496 -781.500000 -840.752564 59.252564 7.047563        .0203113334 .0000000602 .0002453568 .0001416568 -958.000000 -840.752564 117.247436 13.945534        .0200723334 .0000000003 .0000173205 .0000099999 -958.000000 -840.752564 117.247436 13.945534        .0202033334 .0000000935 .0003057776 .0001765407 -958.000000 -840.752564 117.247436 13.945534        .0231883334 .0000001040 .0003224903 .0001861898 -958.000000 -840.752564 117.247436 13.945534         
204800       .0313556667 .0000000846 .0002908607 .0001679285 -4700.000000 -857.363858 3842.636142 448.191991        .0216416666 .0000042790 .0020685743 .0011942919 1786.000000 -857.363858 2643.363858 308.312956        .0202896666 .0000000072 .0000848528 .0000489897 1786.000000 -857.363858 2643.363858 308.312956        .0200403334 .0000000227 .0001506651 .0000869865 1786.000000 -857.363858 2643.363858 308.312956        .0234973333 .0000000444 .0002107130 .0001216552 -929.500000 -857.363858 72.136142 8.413714         
212992       .0320486667 .0000001276 .0003572114 .0002062360 -866.500000 -834.511220 31.988780 3.833235        .0206256666 .0000000055 .0000741619 .0000428173 1314.000000 -834.511220 2148.511220 257.457440        .0201780000 .0000000102 .0001009950 .0000583094 1314.000000 -834.511220 2148.511220 257.457440        .0202200000 .0000001809 .0004253234 .0002455605 1314.000000 -834.511220 2148.511220 257.457440        .0233910000 .0000000025 .0000500000 .0000288675 -906.500000 -834.511220 71.988780 8.626460         
221184       .0328480000 .0000000017 .0000412310 .0000238047 -981.500000 -891.667070 89.832930 10.074717        .0207346667 .0000000371 .0001926136 .0001112055 257.000000 -891.667070 1148.667070 128.822417        .0206843334 .0000007877 .0008875246 .0005124125 257.000000 -891.667070 1148.667070 128.822417        .0204006666 .0000000554 .0002353720 .0001358920 257.000000 -891.667070 1148.667070 128.822417        .0232133334 .0000000967 .0003109662 .0001795364 -964.000000 -891.667070 72.332930 8.112101         
229376       .0336780000 .0000001563 .0003953479 .0002282542 -6328.000000 -837.920355 5490.079645 655.203040        .0211860000 .0000000441 .0002100000 .0001212435 -1115.000000 -837.920355 277.079645 33.067540        .0207126667 .0000000049 .0000700000 .0000404145 -1115.000000 -837.920355 277.079645 33.067540        .0203943333 .0000000027 .0000519615 .0000299999 -1115.000000 -837.920355 277.079645 33.067540        .0233043334 .0000000765 .0002765863 .0001596871 -910.500000 -837.920355 72.579645 8.661879         
237568       .0350703334 .0000013122 .0011455129 .0006613621 -4028.000000 -864.831603 3163.168397 365.755413        .0214706667 .0000000679 .0002605762 .0001504437 1786.000000 -864.831603 2650.831603 306.514192        .0212873334 .0000003178 .0005637375 .0003254739 1786.000000 -864.831603 2650.831603 306.514192        .0201466667 .0000000517 .0002273763 .0001312757 1786.000000 -864.831603 2650.831603 306.514192        .0233610000 .0000000270 .0001643167 .0000948682 -937.500000 -864.831603 72.668397 8.402607         
245760       .0363560000 .0000034565 .0018591664 .0010733902 -4380.000000 -1054.544087 3325.455913 315.345366        .0219136666 .0000000162 .0001272792 .0000734846 1244.000000 -1054.544087 2298.544087 217.965670        .0230276667 .0000126275 .0035535193 .0020516253 1244.000000 -1054.544087 2298.544087 217.965670        .0203210000 .0000001370 .0003701351 .0002136975 1244.000000 -1054.544087 2298.544087 217.965670        .0233596667 .0000000373 .0001931320 .0001115048 -1127.000000 -1054.544087 72.455913 6.870828         
253952       .0363300000 .0000001175 .0003427827 .0001979056 -inf -1005.550540 inf inf        .0226363334 .0000014118 .0011881919 .0006860029 -1499.000000 -1005.550540 493.449460 49.072567        .0215450000 .0000003806 .0006169278 .0003561834 -1499.000000 -1005.550540 493.449460 49.072567        .0202503334 .0000000187 .0001367479 .0000789514 -1499.000000 -1005.550540 493.449460 49.072567        .0235180000 .0000002605 .0005103920 .0002946749 -1078.000000 -1005.550540 72.449460 7.204955         
262144       .0370310000 .0000001536 .0003919183 .0002262741 -1330.000000 -944.171557 385.828443 40.864231        .0243223333 .0000146108 .0038224076 .0022068680 -1016.500000 -944.171557 72.328443 7.660519        .0211140000 .0000000645 .0002539685 .0001466287 -1016.500000 -944.171557 72.328443 7.660519        .0207133334 .0000009386 .0009688137 .0005593448 -1016.500000 -944.171557 72.328443 7.660519        .0234340000 .0000001383 .0003718870 .0002147090 -1016.500000 -944.171557 72.328443 7.660519         
270336       .0376470000 .0000000656 .0002561249 .0001478737 -501.500000 -780.712873 279.212873 35.763836        .0232926666 .0000018924 .0013756453 .0007942291 -1016.500000 -780.712873 235.787127 30.201516        .0211336667 .0000000234 .0001529705 .0000883175 2060.000000 -780.712873 2840.712873 363.861411        .0204566666 .0000000174 .0001319090 .0000761576 2060.000000 -780.712873 2840.712873 363.861411        .0233576667 .0000000720 .0002683281 .0001549193 2060.000000 -780.712873 2840.712873 363.861411         
278528       .0385990000 .0000000530 .0002302172 .0001329159 -733.000000 -857.972970 124.972970 14.566073        .0230750000 .0000007945 .0008913472 .0005146195 -1016.500000 -857.972970 158.527030 18.476926        .0214230000 .0000001067 .0003266496 .0001885912 1780.000000 -857.972970 2637.972970 307.465743        .0215653333 .0000039048 .0019760566 .0011408768 1780.000000 -857.972970 2637.972970 307.465743        .0234293334 .0000001306 .0003613862 .0002086464 1780.000000 -857.972970 2637.972970 307.465743         
286720       .0392533334 .0000001011 .0003179622 .0001835755 -878.500000 -867.514077 10.985923 1.266368        .0228510000 .0000000022 .0000469041 .0000270800 -1016.500000 -867.514077 148.985923 17.173891        .0214876667 .0000001007 .0003173326 .0001832120 1780.000000 -867.514077 2647.514077 305.183990        .0205453334 .0000001188 .0003446737 .0001989974 1780.000000 -867.514077 2647.514077 305.183990        .0241446667 .0000019068 .0013808692 .0007972452 1780.000000 -867.514077 2647.514077 305.183990         
294912       .0399260000 .0000000392 .0001979898 .0001143094 -868.000000 -834.288409 33.711591 4.040760        .0231363334 .0000001083 .0003290896 .0001899999 -1016.500000 -834.288409 182.211591 21.840360        .0215053334 .0000000884 .0002973213 .0001716585 1780.000000 -834.288409 2614.288409 313.355475        .0205430000 .0000001977 .0004446346 .0002567099 1780.000000 -834.288409 2614.288409 313.355475        .0234640000 .0000000126 .0001122497 .0000648073 1780.000000 -834.288409 2614.288409 313.355475         
303104            line 192           .0236480000 .0000001632 .0004039801 .0002332380 20576.000000 -776.470274 21352.470274 2749.940466        .0224583334 .0000000003 .0000173205 .0000099999 1780.000000 -776.470274 2556.470274 329.242517        .0227086667 .0000000558 .0002362202 .0001363817 1780.000000 -776.470274 2556.470274 329.242517        .0263096667 .0000000409 .0002022374 .0001167618 1780.000000 -776.470274 2556.470274 329.242517         
311296            line 192           .0244860000 .0000001535 .0003917907 .0002262004 20576.000000 -928.627052 21504.627052 2315.744196        .0228370000 .0000005576 .0007467261 .0004311225 1780.000000 -928.627052 2708.627052 291.680826        .0230970000 .0000000429 .0002071231 .0001195825 1780.000000 -928.627052 2708.627052 291.680826        .0275313334 .0000020041 .0014156623 .0008173330 1780.000000 -928.627052 2708.627052 291.680826         
319488            line 192           .0239966667 .0000001066 .0003264965 .0001885028 20576.000000 -902.533524 21478.533524 2379.804512        .0244606667 .0000032945 .0018150757 .0010479344 1780.000000 -902.533524 2682.533524 297.222591        .0235646667 .0000002421 .0004920365 .0002840774 1780.000000 -902.533524 2682.533524 297.222591        .0267510000 .0000000754 .0002745906 .0001585349 1780.000000 -902.533524 2682.533524 297.222591         
327680            line 192           .0246063333 .0000002824 .0005314132 .0003068115 -862.500000 -789.559139 72.940861 9.238176        .0230113334 .0000000736 .0002712931 .0001566311 -765.500000 -789.559139 24.059139 3.047161        .0241493334 .0000023755 .0015412657 .0008898501 -765.500000 -789.559139 24.059139 3.047161        .0268623334 .0000000342 .0001849324 .0001067707 -765.500000 -789.559139 24.059139 3.047161         
335872            line 192           .0244520000 .0000000519 .0002278157 .0001315294 21952.000000 -852.181366 22804.181366 2675.977472        .0233910000 .0000001281 .0003579106 .0002066397 1952.000000 -852.181366 2804.181366 329.059221        .0239443334 .0000008214 .0009063112 .0005232590 1952.000000 -852.181366 2804.181366 329.059221        .0281993333 .0000028693 .0016939008 .0009779740 1952.000000 -852.181366 2804.181366 329.059221         
344064            line 192           .0257720000 .0000031530 .0017756688 .0010251828 21968.000000 -873.899221 22841.899221 2613.791005        .0234660000 .0000000378 .0001944222 .0001122497 1952.000000 -873.899221 2825.899221 323.366717        .0238433334 .0000001429 .0003780211 .0002182505 1952.000000 -873.899221 2825.899221 323.366717        .0281793334 .0000034780 .0018649396 .0010767233 1952.000000 -873.899221 2825.899221 323.366717         
352256            line 192           .0251193334 .0000000962 .0003101612 .0001790716 21952.000000 -957.984951 22909.984951 2391.476497        .0236203334 .0000000788 .0002807133 .0001620698 1952.000000 -957.984951 2909.984951 303.761030        .0239006666 .0000000093 .0000964365 .0000556776 1952.000000 -957.984951 2909.984951 303.761030        .0273160000 .0000000072 .0000848528 .0000489897 1952.000000 -957.984951 2909.984951 303.761030         
360448            line 192           .0253210000 .0000000340 .0001843908 .0001064580 21952.000000 -716.078275 22668.078275 3165.586648        .0238930000 .0000002226 .0004718050 .0002723967 1952.000000 -716.078275 2668.078275 372.595897        .0237286667 .0000000395 .0001987460 .0001147460 1952.000000 -716.078275 2668.078275 372.595897        .0270850000 .0000001442 .0003797367 .0002192410 1952.000000 -716.078275 2668.078275 372.595897         
368640            line 192           .0256353334 .0000000034 .0000583095 .0000336650 21904.000000 -767.306331 22671.306331 2954.661707        .0239473334 .0000000604 .0002457641 .0001418919 1952.000000 -767.306331 2719.306331 354.396441        .0240526667 .0000000080 .0000894427 .0000516397 1952.000000 -767.306331 2719.306331 354.396441        .0272076667 .0000001348 .0003671511 .0002119747 1952.000000 -767.306331 2719.306331 354.396441         
376832            line 192           .0271610000 .0000029411 .0017149635 .0009901346 21952.000000 -742.738715 22694.738715 3055.548102        .0252640000 .0000020259 .0014233411 .0008217663 1952.000000 -742.738715 2694.738715 362.811129        .0247746667 .0000014966 .0012233560 .0007063049 1952.000000 -742.738715 2694.738715 362.811129        .0274560000 .0000002053 .0004531004 .0002615976 1952.000000 -742.738715 2694.738715 362.811129         
385024            line 192           .0274230000 .0000004502 .0006709694 .0003873843 21952.000000 -849.909034 22801.909034 2682.864649        .0259683333 .0000018279 .0013519985 .0007805766 1952.000000 -849.909034 2801.909034 329.671638        .0244253334 .0000002410 .0004909175 .0002834313 1952.000000 -849.909034 2801.909034 329.671638        .0287926666 .0000029758 .0017250507 .0009959584 1952.000000 -849.909034 2801.909034 329.671638         
393216            line 192           .0274930000 .0000002212 .0004703190 .0002715388 -979.000000 -872.385964 106.614036 12.220971        .0262083333 .0000036715 .0019161158 .0011062699 -830.500000 -872.385964 41.885964 4.801311        .0243913334 .0000000656 .0002561249 .0001478737 -836.500000 -872.385964 35.885964 4.113542        .0277700000 .0000002299 .0004794788 .0002768272 -830.500000 -872.385964 41.885964 4.801311         
401408            line 192           .0276050000 .0000000799 .0002826658 .0001631971 -372.500000 -840.863716 468.363716 55.700312        .0257873334 .0000002516 .0005015974 .0002895973 1881.000000 -840.863716 2721.863716 323.698557        .0256310000 .0000008960 .0009465727 .0005465040 1881.000000 -840.863716 2721.863716 323.698557        .0287176667 .0000023865 .0015448300 .0008919080 1881.000000 -840.863716 2721.863716 323.698557         
409600            line 192           .0281613334 .0000000669 .0002586503 .0001493318 -298.250000 -940.720264 642.470264 68.295570        .0260423334 .0000001581 .0003976179 .0002295648 907.500000 -940.720264 1848.220264 196.468635        .0249003334 .0000000218 .0001476482 .0000852447 907.500000 -940.720264 1848.220264 196.468635        .0275306667 .0000001038 .0003221800 .0001860107 907.500000 -940.720264 1848.220264 196.468635         
417792            line 192           .0289443333 .0000000790 .0002810693 .0001622754 -298.250000 -918.485220 620.235220 67.528057        .0260250000 .0000000085 .0000921954 .0000532290 907.500000 -918.485220 1825.985220 198.803985        .0251356667 .0000000288 .0001697056 .0000979795 907.500000 -918.485220 1825.985220 198.803985        .0279173334 .0000005328 .0007299315 .0004214261 907.500000 -918.485220 1825.985220 198.803985         
425984            line 192           .0293103334 .0000000023 .0000479583 .0000276887 -298.250000 -919.672150 621.422150 67.569965        .0264803334 .0000000786 .0002803569 .0001618641 907.500000 -919.672150 1827.172150 198.676469        .0257370000 .0000001308 .0003616628 .0002088061 907.500000 -919.672150 1827.172150 198.676469        .0292676667 .0000050573 .0022488441 .0012983707 907.500000 -919.672150 1827.172150 198.676469         
434176            line 192           .0296940000 .0000000110 .0001048808 .0000605529 -298.250000 -726.148784 427.898784 58.927150        .0269806667 .0000001687 .0004107310 .0002371356 907.500000 -726.148784 1633.648784 224.974388        .0261640000 .0000001749 .0004182104 .0002414538 907.500000 -726.148784 1633.648784 224.974388        .0286303334 .0000004587 .0006772739 .0003910242 907.500000 -726.148784 1633.648784 224.974388         
442368            line 192           .0303133334 .0000001821 .0004267317 .0002463736 -86.687500 -792.106224 705.418724 89.056076        .0276916667 .0000000760 .0002756809 .0001591644 907.500000 -792.106224 1699.606224 214.567967        .0271546666 .0000000735 .0002711088 .0001565247 890.500000 -792.106224 1682.606224 212.421790        .0287240000 .0000000363 .0001905255 .0001099999 907.500000 -792.106224 1699.606224 214.567967         
450560            line 192           .0312150000 .0000000199 .0001410673 .0000814452 -298.250000 -898.988087 600.738087 66.823810        .0282720000 .0000000016 .0000400000 .0000230940 907.500000 -898.988087 1806.488087 200.946833        .0274460000 .0000001316 .0003627671 .0002094436 907.500000 -898.988087 1806.488087 200.946833        .0296380000 .0000014450 .0012020815 .0006940220 907.500000 -898.988087 1806.488087 200.946833         
458752            line 192           .0317693334 .0000000261 .0001615549 .0000932737 -979.500000 -940.001858 39.498142 4.201922        .0289190000 .0000001738 .0004168932 .0002406934 -938.500000 -940.001858 1.501858 0.159772        .0282453334 .0000001513 .0003889730 .0002245736 -922.500000 -940.001858 17.501858 1.861896        .0292823334 .0000001032 .0003212475 .0001854723 -938.500000 -940.001858 1.501858 0.159772         
466944            line 192           .0322896666 .0000001622 .0004027406 .0002325223 -397.500000 -1024.521771 627.021771 61.201410        .0297736666 .0000000683 .0002613426 .0001508862 842.000000 -1024.521771 1866.521771 182.184686        .0288936667 .0000001532 .0003914077 .0002259793 842.000000 -1024.521771 1866.521771 182.184686        .0297003334 .0000000142 .0001191637 .0000687991 842.000000 -1024.521771 1866.521771 182.184686         
475136            line 192           .0328490000 .0000001779 .0004217819 .0002435158 -365.750000 -1113.836362 748.086362 67.163040        .0303660000 .0000002125 .0004609772 .0002661453 842.000000 -1113.836362 1955.836362 175.594587        .0289826667 0 0 0 862.000000 -1113.836362 1975.836362 177.390183        .0303450000 .0000000482 .0002195449 .0001267543 842.000000 -1113.836362 1955.836362 175.594587         
483328            line 192           .0333150000 .0000000878 .0002963106 .0001710750 -365.750000 -1117.194686 751.444686 67.261749        .0305583334 .0000005637 .0007507995 .0004334742 842.000000 -1117.194686 1959.194686 175.367347        .0292143333 .0000000022 .0000469041 .0000270800 842.000000 -1117.194686 1959.194686 175.367347        .0320306667 .0000051223 .0022632498 .0013066878 826.000000 -1117.194686 1943.194686 173.935189         
491520            line 192           .0345590000 .0000008248 .0009081850 .0005243408 216.750000 -973.338324 1190.088324 122.268721        .0305876666 .0000000486 .0002204540 .0001272791 842.000000 -973.338324 1815.338324 186.506406        .0302173334 .0000002108 .0004591296 .0002650785 842.000000 -973.338324 1815.338324 186.506406        .0315876667 .0000000707 .0002658947 .0001535143 842.000000 -973.338324 1815.338324 186.506406         
499712            line 192           .0343446666 .0000001444 .0003800000 .0002193931 -365.750000 -951.962271 586.212271 61.579360        .0323446667 .0000063045 .0025108763 .0014496551 842.000000 -951.962271 1793.962271 188.448884        .0305613334 .0000002663 .0005160426 .0002979373 842.000000 -951.962271 1793.962271 188.448884        .0320546667 .0000000300 .0001732050 .0000999999 842.000000 -951.962271 1793.962271 188.448884         
507904            line 192           .0348550000 .0000002046 .0004523273 .0002611512 188.500000 -970.540926 1159.040926 119.422159        .0327843334 .0000036380 .0019073541 .0011012114 842.000000 -970.540926 1812.540926 186.755744        .0310373334 .0000002924 .0005407402 .0003121965 842.000000 -970.540926 1812.540926 186.755744        .0321050000 .0000000009 .0000300000 .0000173205 842.000000 -970.540926 1812.540926 186.755744         
516096            line 192           .0356473334 .0000003269 .0005717516 .0003301009 -365.750000 -924.910440 559.160440 60.455631        .0320193333 .0000000598 .0002445403 .0001411854 842.000000 -924.910440 1766.910440 191.035841        .0313720000 .0000001796 .0004237924 .0002446766 842.000000 -924.910440 1766.910440 191.035841        .0328150000 .0000001990 .0004460941 .0002575525 inf -924.910440 inf inf         
524288            line 192           .0357030000 .0000000724 .0002690724 .0001553490 -939.500000 -972.777712 33.277712 3.420896        .0328620000 .0000000338 .0001838477 .0001061445 -970.000000 -972.777712 2.777712 0.285544        .0320170000 .0000000652 .0002553429 .0001474222 -970.000000 -972.777712 2.777712 0.285544        .0329350000 .0000002464 .0004963869 .0002865891 -970.000000 -972.777712 2.777712 0.285544         
8192       .0132633334 .0000001712 .0004137632 .0002388862 -27.234375 -27.224982 0.009393 0.034500        .0135873333 .0000001173 .0003424908 .0001977371 -27.281250 -27.224982 0.056268 0.206676        .0144270000 .0000000312 .0001766352 .0001019803 12.054688 -27.224982 39.279670 144.278036        .0156930000 .0000000009 .0000300000 .0000173205 21.671875 -27.224982 48.896857 179.602898         
16384       .0133180000 .0000000898 .0002996664 .0001730124 -105.812500 -105.854889 0.042389 0.040044        .0132500000 .0000000092 .0000959166 .0000553774 -105.812500 -105.854889 0.042389 0.040044        .0143363333 .0000000112 .0001058300 .0000611009 -66.500000 -105.854889 39.354889 37.178150        8192       .0131770000 .0000000385 .0001962141 .0001132842 -105.812500 -27.224982 78.587518 288.659571        .0141223333 .0000020921 .0014464093 .0008350847 -105.812500 -27.224982 78.587518 288.659571        .0141100000 .0000000014 .0000374165 .0000216024 -66.500000 -27.224982 39.275018 144.260947        .0158756667 .0000001167 .0003416138 .0001972308 -56.875000 -27.224982 29.650018 108.907389         
16384       .0136863333 .0000000235 .0001532970 .0000885060 -105.812500 -105.854889 0.042389 0.040044        .0137163333 .0000000858 .0002929163 .0001691153 -105.812500 -105.854889 0.042389 0.040044        