8192       .0134546667 .0000000014 .0000374165 .0000216024 4100.000000 4099.819503 0.180497 0.004403        .0144113333 .0000000179 .0001337908 .0000772441 4100.000000 4099.819503 0.180497 0.004403        .0137686666 .0000000048 .0000692820 .0000399999 4100.000000 4099.819503 0.180497 0.004403        .0152336667 .0000000009 .0000300000 .0000173205 4100.000000 4099.819503 0.180497 0.004403         
16384       .0133846667 .0000000041 .0000640312 .0000369684 8208.000000 8212.979222 4.979222 0.060626        .0146803333 .0000000213 .0001459451 .0000842614 8208.000000 8212.979222 4.979222 0.060626        .0139246666 .0000000110 .0001048808 .0000605529 8208.000000 8212.979222 4.979222 0.060626        .0153196667 .0000000276 .0001661324 .0000959165 8208.000000 8212.979222 4.979222 0.060626         
24576       .0134683334 .0000000697 .0002640075 .0001524248 12288.000000 12291.206006 3.206006 0.026084        .0145673334 .0000000005 .0000223606 .0000129098 12288.000000 12291.206006 3.206006 0.026084        .0138983333 .0000000264 .0001624807 .0000938082 12288.000000 12291.206006 3.206006 0.026084        .0153710000 .0000001025 .0003201562 .0001848422 12288.000000 12291.206006 3.206006 0.026084         
32768       .0133983333 .0000000013 .0000360555 .0000208166 16368.000000 16373.927843 5.927843 0.036203        .0144736667 .0000000291 .0001705872 .0000984885 16368.000000 16373.927843 5.927843 0.036203        .0139596666 .0000000185 .0001360147 .0000785281 16368.000000 16373.927843 5.927843 0.036203        .0152773334 .0000000207 .0001438749 .0000830662 16368.000000 16373.927843 5.927843 0.036203         
40960       .0157253333 .0000162169 .0040270212 .0023250017 20448.000000 20446.683262 1.316738 0.006440        .0145936666 .0000000305 .0001746424 .0001008298 20448.000000 20446.683262 1.316738 0.006440        .0140080000 .0000000293 .0001711724 .0000988264 20448.000000 20446.683262 1.316738 0.006440        .0154406667 .0000000470 .0002167948 .0001251665 20448.000000 20446.683262 1.316738 0.006440         
49152       .0136480000 .0000000314 .0001772004 .0001023066 24576.000000 24574.425763 1.574237 0.006406        .0144326667 .0000000184 .0001356465 .0000783155 24576.000000 24574.425763 1.574237 0.006406        .0143170000 .0000000346 .0001860107 .0001073933 24576.000000 24574.425763 1.574237 0.006406        .0155803333 .0000000021 .0000458257 .0000264574 24576.000000 24574.425763 1.574237 0.006406         
57344       .0135540000 .0000000135 .0001161895 .0000670820 28672.000000 28670.288750 1.711250 0.005969        .0152930000 .0000021592 .0014694216 .0008483709 28672.000000 28670.288750 1.711250 0.005969        .0140323333 .0000000088 .0000938083 .0000541602 28672.000000 28670.288750 1.711250 0.005969        .0156613334 .0000000618 .0002485960 .0001435269 28672.000000 28670.288750 1.711250 0.005969         
65536       .0173996667 .0000000682 .0002611512 .0001507757 32800.000000 32783.360543 16.639457 0.050756        .0187086666 .0000000005 .0000223606 .0000129098 32800.000000 32783.360543 16.639457 0.050756        .0190526667 .0000000259 .0001609347 .0000929156 32800.000000 32783.360543 16.639457 0.050756        .0212946666 .0000000195 .0001396424 .0000806225 32800.000000 32783.360543 16.639457 0.050756         
73728       .0174266667 .0000000138 .0001174734 .0000678232 32800.000000 36872.977114 4072.977114 11.045968        .0189910000 .0000000143 .0001195826 .0000690410 36896.000000 36872.977114 23.022886 0.062438        .0195096667 .0000003752 .0006125357 .0003536476 36896.000000 36872.977114 23.022886 0.062438        .0214796666 .0000000497 .0002229349 .0001287115 36896.000000 36872.977114 23.022886 0.062438         
81920       .0174266667 .0000000146 .0001208304 .0000697614 32800.000000 40970.922426 8170.922426 19.943223        .0189803333 .0000000033 .0000574456 .0000331662 40992.000000 40970.922426 21.077574 0.051445        .0192840000 .0000000066 .0000812403 .0000469041 40992.000000 40970.922426 21.077574 0.051445        .0214340000 .0000000085 .0000921954 .0000532290 40992.000000 40970.922426 21.077574 0.051445         
90112       .0177626667 .0000000177 .0001330413 .0000768114 32800.000000 45068.176933 12268.176933 27.221374        .0191900000 .0000000449 .0002118962 .0001223383 45088.000000 45068.176933 19.823067 0.043985        .0192893333 .0000000086 .0000927361 .0000535412 45088.000000 45068.176933 19.823067 0.043985        .0212810000 .0000000036 .0000600000 .0000346410 45088.000000 45068.176933 19.823067 0.043985         
98304       .0177383333 .0000000345 .0001857417 .0001072380 32800.000000 49171.474661 16371.474661 33.294659        .0191116667 .0000000003 .0000173205 .0000099999 49216.000000 49171.474661 44.525339 0.090551        .0193593333 .0000000297 .0001723368 .0000994986 49216.000000 49171.474661 44.525339 0.090551        .0216006666 .0000000052 .0000721110 .0000416333 49216.000000 49171.474661 44.525339 0.090551         
106496       .0177356667 .0000000114 .0001067707 .0000616440 32800.000000 53290.098079 20490.098079 38.450104        .0190313333 .0000000130 .0001140175 .0000658280 53312.000000 53290.098079 21.901921 0.041099        .0193460000 .0000000104 .0001019803 .0000588783 53312.000000 53290.098079 21.901921 0.041099        .0215176667 .0000000289 .0001700000 .0000981495 53312.000000 53290.098079 21.901921 0.041099         
114688       .0177086666 .0000000005 .0000223606 .0000129098 32800.000000 57391.184132 24591.184132 42.848365        .0190956667 .0000000003 .0000173205 .0000099999 57408.000000 57391.184132 16.815868 0.029300        .0194230000 .0000000082 .0000905538 .0000522812 57408.000000 57391.184132 16.815868 0.029300        .0219580000 .0000007723 .0008788060 .0005073788 57408.000000 57391.184132 16.815868 0.029300         
122880       .0177386666 .0000000023 .0000479583 .0000276887 32800.000000 61499.951833 28699.951833 46.666625        .0192650000 .0000001944 .0004409081 .0002545584 61504.000000 61499.951833 4.048167 0.006582        .0196440000 .0000000250 .0001581138 .0000912870 61504.000000 61499.951833 4.048167 0.006582        .0214263334 .0000000019 .0000435889 .0000251660 61504.000000 61499.951833 4.048167 0.006582         
131072       .0177520000 .0000000292 .0001708800 .0000986576 inf 65548.107083 inf inf        .0197166666 .0000009259 .0009622369 .0005555477 inf 65548.107083 inf inf        .0193946667 .0000000273 .0001652271 .0000953939 inf 65548.107083 inf inf        .0213213334 .0000000008 .0000282842 .0000163298 inf 65548.107083 inf inf         
139264       .0178540000 .0000000227 .0001506651 .0000869865 inf 69619.114245 inf inf        .0215070000 .0000159499 .0039937325 .0023057825 inf 69619.114245 inf inf        .0201143334 .0000015011 .0012251938 .0007073659 inf 69619.114245 inf inf        .0215983334 .0000001083 .0003290896 .0001899999 inf 69619.114245 inf inf         
147456       .0178086667 .0000000002 .0000141421 .0000081649 inf 73686.471684 inf inf        .0192060000 .0000000258 .0001606237 .0000927361 inf 73686.471684 inf inf        .0199536666 .0000000903 .0003004995 .0001734934 inf 73686.471684 inf inf        .0215203334 .0000000291 .0001705872 .0000984885 inf 73686.471684 inf inf         
155648       .0180666667 .0000000308 .0001754992 .0001013245 inf 77816.505684 inf inf        .0192760000 .0000000013 .0000360555 .0000208166 inf 77816.505684 inf inf        .0196923334 .0000000052 .0000721110 .0000416333 inf 77816.505684 inf inf        .0217886666 .0000001749 .0004182104 .0002414538 inf 77816.505684 inf inf         
163840       .0183243334 .0000000680 .0002607680 .0001505544 inf 81925.910556 inf inf        .0192786666 .0000000147 .0001212435 .0000699999 inf 81925.910556 inf inf        .0196550000 .0000000098 .0000989949 .0000571547 inf 81925.910556 inf inf        .0216626667 .0000000509 .0002256102 .0001302561 inf 81925.910556 inf inf         
172032       .0192630000 .0000000023 .0000479583 .0000276887 inf 86010.691676 inf inf        .0200923333 .0000000031 .0000556776 .0000321454 inf 86010.691676 inf inf        .0195880000 .0000000101 .0001004987 .0000580229 inf 86010.691676 inf inf        .0217566666 .0000000115 .0001072380 .0000619138 inf 86010.691676 inf inf         
180224       .0193136667 .0000000007 .0000264575 .0000152752 inf 90086.862427 inf inf        .0204370000 .0000001964 .0004431703 .0002558644 inf 90086.862427 inf inf        .0199613333 .0000000480 .0002190890 .0001264910 inf 90086.862427 inf inf        .0216710000 .0000000205 .0001431782 .0000826639 inf 90086.862427 inf inf         
188416       .0197110000 .0000000320 .0001788854 .0001032795 inf 94190.779405 inf inf        .0202380000 .0000000102 .0001009950 .0000583094 inf 94190.779405 inf inf        .0200903333 .0000000479 .0002188606 .0001263592 inf 94190.779405 inf inf        .0217403333 .0000001355 .0003681032 .0002125244 inf 94190.779405 inf inf         
196608       .0193300000 .0000000031 .0000556776 .0000321454 inf 98285.463643 inf inf        .0202193333 .0000000102 .0001009950 .0000583094 inf 98285.463643 inf inf        .0196496666 .0000000129 .0001135781 .0000655743 inf 98285.463643 inf inf        .0216730000 0 0 0 inf 98285.463643 inf inf         
204800       .0196930000 .0000000583 .0002414539 .0001394034 inf 102401.738340 inf inf        .0202170000 .0000000019 .0000435889 .0000251660 inf 102401.738340 inf inf        .0195963333 .0000000019 .0000435889 .0000251660 inf 102401.738340 inf inf        .0222540000 .0000008748 .0009353074 .0005399999 inf 102401.738340 inf inf         
212992       .0196760000 .0000000273 .0001652271 .0000953939 inf 106462.303745 inf inf        .0204873334 .0000000511 .0002260530 .0001305117 inf 106462.303745 inf inf        .0197570000 .0000000127 .0001126942 .0000650640 inf 106462.303745 inf inf        .0218073333 .0000000452 .0002126029 .0001227463 inf 106462.303745 inf inf         
221184       .0197760000 .0000000091 .0000953939 .0000550756 inf 110517.971945 inf inf        .0203053334 .0000000136 .0001166190 .0000673300 inf 110517.971945 inf inf        .0199556666 .0000000570 .0002387467 .0001378404 inf 110517.971945 inf inf        .0217273334 .0000000130 .0001140175 .0000658280 inf 110517.971945 inf inf         
229376       .0199450000 .0000000378 .0001944222 .0001122497 inf 114614.495320 inf inf        .0203483334 .0000000291 .0001705872 .0000984885 inf 114614.495320 inf inf        .0200663334 .0000000348 .0001865475 .0001077032 inf 114614.495320 inf inf        .0220870000 .0000000182 .0001349073 .0000778887 inf 114614.495320 inf inf         
237568       .0199316667 .0000000054 .0000734846 .0000424263 inf 118730.282429 inf inf        .0205420000 .0000000818 .0002860069 .0001651261 inf 118730.282429 inf inf        .0199450000 .0000000184 .0001356465 .0000783155 inf 118730.282429 inf inf        .0219880000 .0000000129 .0001135781 .0000655743 inf 118730.282429 inf inf         
245760       .0203213333 .0000001321 .0003634556 .0002098411 inf 122794.412432 inf inf        .0207166667 .0000001627 .0004033608 .0002328804 inf 122794.412432 inf inf        .0201546667 .0000000043 .0000655743 .0000378593 inf 122794.412432 inf inf        .0219770000 .0000000078 .0000883176 .0000509901 inf 122794.412432 inf inf         
253952       .0207166666 .0000000821 .0002865309 .0001654286 inf 126883.398673 inf inf        .0205903334 .0000000276 .0001661324 .0000959165 inf 126883.398673 inf inf        .0215253333 .0000000270 .0001643167 .0000948682 inf 126883.398673 inf inf        .0221220000 .0000001236 .0003515679 .0002029778 inf 126883.398673 inf inf         
262144       .0208963334 .0000001114 .0003337663 .0001927000 inf 130949.661879 inf inf        .0207110000 .0000000838 .0002894822 .0001671326 inf 130949.661879 inf inf        .0213803333 .0000000066 .0000812403 .0000469041 inf 130949.661879 inf inf        .0220630000 .0000000011 .0000331662 .0000191485 inf 130949.661879 inf inf         
270336       .0208080000 .0000000113 .0001063014 .0000613731 inf 135034.512337 inf inf        .0208833334 .0000000161 .0001268857 .0000732574 inf 135034.512337 inf inf        .0219716667 .0000000874 .0002956349 .0001706848 inf 135034.512337 inf inf        .0223456667 .0000001415 .0003761648 .0002171788 inf 135034.512337 inf inf         
278528       .0211440000 .0000000287 .0001694107 .0000978093 inf 139146.532827 inf inf        .0210200000 .0000000322 .0001794435 .0001036017 inf 139146.532827 inf inf        .0228743334 .0000010202 .0010100495 .0005831523 inf 139146.532827 inf inf        .0228993334 .0000009607 .0009801530 .0005658915 inf 139146.532827 inf inf         
286720       .0210523334 .0000000664 .0002576819 .0001487727 inf 143267.208814 inf inf        .0213293333 .0000000516 .0002271563 .0001311487 inf 143267.208814 inf inf        .0223560000 .0000001818 .0004263801 .0002461706 inf 143267.208814 inf inf        .0230120000 .0000001698 .0004120679 .0002379075 inf 143267.208814 inf inf         
294912       .0212433334 .0000000261 .0001615549 .0000932737 inf 147349.057422 inf inf        .0211253333 .0000000033 .0000574456 .0000331662 inf 147349.057422 inf inf        .0221143334 .0000000485 .0002202271 .0001271481 inf 147349.057422 inf inf        .0225950000 .0000000409 .0002022374 .0001167618 inf 147349.057422 inf inf         
303104       .0215683333 .0000000322 .0001794435 .0001036017 inf 151471.080708 inf inf        .0214826667 .0000000930 .0003049590 .0001760681 inf 151471.080708 inf inf        .0224313334 .0000001743 .0004174925 .0002410394 inf 151471.080708 inf inf        .0226493333 .0000000043 .0000655743 .0000378593 inf 151471.080708 inf inf         
311296       .0220980000 .0000003153 .0005615158 .0003241912 inf 155487.191982 inf inf        .0215633333 .0000000136 .0001166190 .0000673300 inf 155487.191982 inf inf        .0222350000 .0000000811 .0002847806 .0001644181 inf 155487.191982 inf inf        .0238450000 .0000020213 .0014217243 .0008208329 inf 155487.191982 inf inf         
319488       .0220066666 .0000000013 .0000360555 .0000208166 inf 159574.802346 inf inf        .0221196666 .0000000510 .0002258317 .0001303839 inf 159574.802346 inf inf        .0226303334 .0000000948 .0003078960 .0001777638 inf 159574.802346 inf inf        .0244440000 .0000007651 .0008746999 .0005050082 inf 159574.802346 inf inf         
327680       .0227216666 .0000000566 .0002379075 .0001373559 inf 163693.536978 inf inf        .0224446666 .0000002025 .0004500000 .0002598076 inf 163693.536978 inf inf        .0228506666 .0000002390 .0004888762 .0002822528 inf 163693.536978 inf inf        .0239686666 .0000002129 .0004614108 .0002663956 inf 163693.536978 inf inf         
335872       .0235516666 .0000000033 .0000574456 .0000331662 inf 167840.046749 inf inf        .0250893333 .0000001052 .0003243454 .0001872609 inf 167840.046749 inf inf        .0228936666 .0000001379 .0003713488 .0002143983 inf 167840.046749 inf inf        .0252960000 .0000000061 .0000781024 .0000450924 inf 167840.046749 inf inf         
344064       .0240946667 .0000002121 .0004605431 .0002658946 inf 171941.292536 inf inf        .0254116667 .0000001510 .0003885871 .0002243508 inf 171941.292536 inf inf        .0229066667 .0000000936 .0003059411 .0001766351 inf 171941.292536 inf inf        .0254520000 .0000000919 .0003031501 .0001750237 inf 171941.292536 inf inf         
352256       .0245566666 .0000000426 .0002063976 .0001191637 inf 176016.470214 inf inf        .0258743334 .0000000714 .0002672077 .0001542724 inf 176016.470214 inf inf        .0231276666 .0000000010 .0000316227 .0000182573 inf 176016.470214 inf inf        .0259253334 .0000003146 .0005608921 .0003238312 inf 176016.470214 inf inf         
360448       .0248690000 .0000000965 .0003106444 .0001793506 inf 180056.268021 inf inf        .0261693334 .0000000047 .0000685565 .0000395811 inf 180056.268021 inf inf        .0237700000 .0000001197 .0003459768 .0001997497 inf 180056.268021 inf inf        .0259360000 .0000000857 .0002927456 .0001690167 inf 180056.268021 inf inf         
368640       .0252026667 .0000000516 .0002271563 .0001311487 inf 184141.758105 inf inf        .0266913333 .0000002533 .0005032891 .0002905740 inf 184141.758105 inf inf        .0243880000 .0000000567 .0002381176 .0001374772 inf 184141.758105 inf inf        .0264223334 .0000002624 .0005122499 .0002957476 inf 184141.758105 inf inf         
376832       .0260650000 .0000000061 .0000781024 .0000450924 inf 188266.276235 inf inf        .0264740000 .0000000017 .0000412310 .0000238047 inf 188266.276235 inf inf        .0249040000 .0000001113 .0003336165 .0001926135 inf 188266.276235 inf inf        .0265463333 .0000001233 .0003511409 .0002027312 inf 188266.276235 inf inf         
385024       .0259090000 .0000001357 .0003683748 .0002126812 inf 192388.153467 inf inf        .0275863334 .0000000133 .0001153256 .0000665832 inf 192388.153467 inf inf        .0252613334 .0000006715 .0008194510 .0004731102 inf 192388.153467 inf inf        .0276720000 .0000023482 .0015323837 .0008847221 inf 192388.153467 inf inf         
393216       .0270483333 .0000000161 .0001268857 .0000732574 inf 196485.029806 inf inf        .0280350000 .0000001921 .0004382921 .0002530480 inf 196485.029806 inf inf        .0255786666 .0000001202 .0003466987 .0002001665 inf 196485.029806 inf inf        .0270863333 .0000000268 .0001637070 .0000945162 inf 196485.029806 inf inf         
401408       .0273440000 .0000002465 .0004964876 .0002866472 inf 200531.323339 inf inf        .0279573333 .0000002176 .0004664761 .0002693201 inf 200531.323339 inf inf        .0265516667 .0000001383 .0003718870 .0002147090 inf 200531.323339 inf inf        .0273526666 .0000000411 .0002027313 .0001170469 inf 200531.323339 inf inf         
409600       .0277366666 .0000001298 .0003602776 .0002080063 inf 204615.869586 inf inf        .0289490000 .0000000374 .0001933907 .0001116541 inf 204615.869586 inf inf        .0268983333 .0000000071 .0000842614 .0000486483 inf 204615.869586 inf inf        .0278253333 .0000000012 .0000346410 .0000199999 inf 204615.869586 inf inf         
417792       .0286750000 .0000002284 .0004779121 .0002759226 inf 208717.979317 inf inf        .0289703334 .0000001125 .0003354101 .0001936491 inf 208717.979317 inf inf        .0268900000 .0000001518 .0003896151 .0002249443 inf 208717.979317 inf inf        .0287416667 .0000000713 .0002670205 .0001541643 inf 208717.979317 inf inf         
425984       .0289546667 .0000000047 .0000685565 .0000395811 inf 212842.998178 inf inf        .0296800000 .0000000549 .0002343074 .0001352774 inf 212842.998178 inf inf        .0275996666 .0000000864 .0002939387 .0001697055 inf 212842.998178 inf inf        .0288063333 .0000001861 .0004313930 .0002490648 inf 212842.998178 inf inf         
434176       .0290670000 .0000000477 .0002184032 .0001260951 inf 216940.779507 inf inf        .0299270000 .0000001589 .0003986226 .0002301448 inf 216940.779507 inf inf        .0281720000 .0000000158 .0001256980 .0000725717 inf 216940.779507 inf inf        .0294916667 .0000001134 .0003367491 .0001944221 inf 216940.779507 inf inf         
442368       .0293196667 .0000001030 .0003209361 .0001852925 inf 221069.766091 inf inf        .0305880000 .0000000091 .0000953939 .0000550756 inf 221069.766091 inf inf        .0282366666 .0000000016 .0000400000 .0000230940 inf 221069.766091 inf inf        .0300240000 .0000000137 .0001170469 .0000675770 inf 221069.766091 inf inf         
450560       .0299033333 .0000000764 .0002764054 .0001595827 inf 225134.576992 inf inf        .0310853334 .0000000738 .0002716615 .0001568438 inf 225134.576992 inf inf        .0289570000 .0000000359 .0001894729 .0001093922 inf 225134.576992 inf inf        .0304673334 .0000000053 .0000728010 .0000420316 inf 225134.576992 inf inf         
458752       .0309053334 .0000023077 .0015191115 .0008770594 inf 229261.203896 inf inf        .0311583333 .0000002500 .0005000000 .0002886751 inf 229261.203896 inf inf        .0293756666 .0000000306 .0001749285 .0001009950 inf 229261.203896 inf inf        .0307036666 .0000000028 .0000529150 .0000305504 inf 229261.203896 inf inf         
466944       .0306450000 .0000000039 .0000624499 .0000360554 inf 233392.487554 inf inf        .0326230000 .0000031846 .0017845447 .0010303073 inf 233392.487554 inf inf        .0293710000 .0000001980 .0004449719 .0002569046 inf 233392.487554 inf inf        .0312310000 .0000000300 .0001732050 .0000999999 inf 233392.487554 inf inf         
475136       .0311686666 .0000000576 .0002400000 .0001385640 inf 237520.786844 inf inf        .0322406667 .0000000590 .0002428991 .0001402378 inf 237520.786844 inf inf        .0301420000 .0000000058 .0000761577 .0000439696 inf 237520.786844 inf inf        .0329723334 .0000041578 .0020390684 .0011772566 inf 237520.786844 inf inf         
483328       .0313920000 .0000000090 .0000948683 .0000547722 inf 241594.454715 inf inf        .0323996666 .0000000388 .0001969771 .0001137247 inf 241594.454715 inf inf        .0305616667 .0000000132 .0001148912 .0000663324 inf 241594.454715 inf inf        .0322843333 .0000000033 .0000574456 .0000331662 inf 241594.454715 inf inf         
491520       .0324560000 .0000005161 .0007184010 .0004147690 inf 245675.103593 inf inf        .0329396667 .0000000072 .0000848528 .0000489897 inf 245675.103593 inf inf        .0303220000 .0000000149 .0001220655 .0000704745 inf 245675.103593 inf inf        .0325233333 .0000000065 .0000806225 .0000465474 inf 245675.103593 inf inf         
499712       .0324616666 .0000000413 .0002032240 .0001173314 inf 249762.079645 inf inf        .0335613333 .0000000064 .0000800000 .0000461880 inf 249762.079645 inf inf        .0336336667 .0000000015 .0000387298 .0000223606 inf 249762.079645 inf inf        .0328943334 .0000000094 .0000969535 .0000559761 inf 249762.079645 inf inf         
507904       .0330800000 .0000000066 .0000812403 .0000469041 inf 253806.085790 inf inf        .0339640000 .0000000026 .0000509901 .0000294391 inf 253806.085790 inf inf        .0349883334 .0000025773 .0016053971 .0009268764 inf 253806.085790 inf inf        .0332710000 .0000000997 .0003157530 .0001823000 inf 253806.085790 inf inf         
516096       .0335576667 .0000000570 .0002387467 .0001378404 inf 257882.341030 inf inf        .0343620000 .0000000047 .0000685565 .0000395811 inf 257882.341030 inf inf        .0343513333 .0000001481 .0003848376 .0002221860 inf 257882.341030 inf inf        .0333910000 .0000000521 .0002282542 .0001317826 inf 257882.341030 inf inf         
524288       .0337756667 .0000000033 .0000574456 .0000331662 inf 261985.181763 inf inf        .0344533333 .0000000017 .0000412310 .0000238047 inf 261985.181763 inf inf        .0350336667 .0000000018 .0000424264 .0000244948 inf 261985.181763 inf inf        .0338220000 .0000000751 .0002740437 .0001582192 inf 261985.181763 inf inf         
